0 0 1
1 0 1
1 1 1
1 37 1
1 6 1
1 11 1
1 14 1
1 15 1
1 38 1
1 16 1
1 17 1
1 29 1
1 39 1
1 34 1
2 0 1
2 2 1
2 37 1
2 4 1
2 6 1
2 11 1
2 14 1
2 15 1
2 38 1
2 16 1
2 17 1
2 40 1
2 23 1
2 29 1
2 39 1
2 34 1
5 0 1
5 3 1
5 37 1
5 4 1
5 5 1
5 6 1
5 7 1
5 8 1
5 10 1
5 11 1
5 12 1
5 14 1
5 15 1
5 38 1
5 16 1
5 17 1
5 19 1
5 40 1
5 20 1
5 22 1
5 23 1
5 24 1
5 25 1
5 29 1
5 39 1
5 34 1
5 35 1
5 36 1
9 37 1
9 8 1
9 9 1
9 10 1
9 17 1
9 19 1
9 40 1
9 20 1
9 23 1
9 26 1
9 32 1
9 39 1
9 36 1
13 37 1
13 8 1
13 13 1
13 17 1
13 19 1
13 20 1
13 39 1
13 36 1
15 15 1
17 17 1
19 19 1
20 20 1
22 22 1
27 17 1
27 19 1
27 27 1
28 0 1
28 3 1
28 37 1
28 7 1
28 8 1
28 10 1
28 12 1
28 14 1
28 15 1
28 38 1
28 16 1
28 17 1
28 19 1
28 40 1
28 20 1
28 22 1
28 23 1
28 24 1
28 25 1
28 28 1
28 29 1
28 32 1
28 39 1
28 34 1
28 35 1
28 36 1
30 37 1
30 8 1
30 10 1
30 17 1
30 19 1
30 20 1
30 26 1
30 30 1
30 32 1
30 39 1
30 36 1
31 3 1
31 37 1
31 7 1
31 8 1
31 10 1
31 16 1
31 17 1
31 18 1
31 19 1
31 40 1
31 20 1
31 23 1
31 26 1
31 31 1
31 32 1
31 39 1
31 36 1
33 8 1
33 10 1
33 17 1
33 19 1
33 20 1
33 26 1
33 32 1
33 33 1
33 39 1
33 36 1
0 0 2
1 0 2
1 1 2
1 37 2
1 6 2
1 11 2
1 14 2
1 15 2
1 38 2
1 16 2
1 17 2
1 29 2
1 39 2
1 34 2
2 0 2
2 2 2
2 37 2
2 4 2
2 6 2
2 11 2
2 14 2
2 15 2
2 38 2
2 16 2
2 17 2
2 40 2
2 23 2
2 29 2
2 39 2
2 34 2
5 0 2
5 3 2
5 37 2
5 4 2
5 5 2
5 6 2
5 7 2
5 8 2
5 10 2
5 11 2
5 12 2
5 14 2
5 15 2
5 38 2
5 16 2
5 17 2
5 19 2
5 40 2
5 20 2
5 22 2
5 23 2
5 24 2
5 25 2
5 29 2
5 39 2
5 34 2
5 35 2
5 36 2
9 37 2
9 8 2
9 9 2
9 10 2
9 17 2
9 19 2
9 40 2
9 20 2
9 23 2
9 26 2
9 32 2
9 39 2
9 36 2
13 37 2
13 8 2
13 13 2
13 17 2
13 19 2
13 20 2
13 39 2
13 36 2
15 15 2
17 17 2
19 19 2
20 20 2
22 22 2
27 17 2
27 19 2
27 27 2
28 0 2
28 3 2
28 37 2
28 7 2
28 8 2
28 10 2
28 12 2
28 14 2
28 15 2
28 38 2
28 16 2
28 17 2
28 19 2
28 40 2
28 20 2
28 22 2
28 23 2
28 24 2
28 25 2
28 28 2
28 29 2
28 32 2
28 39 2
28 34 2
28 35 2
28 36 2
30 37 2
30 8 2
30 10 2
30 17 2
30 19 2
30 20 2
30 26 2
30 30 2
30 32 2
30 39 2
30 36 2
31 3 2
31 37 2
31 7 2
31 8 2
31 10 2
31 16 2
31 17 2
31 18 2
31 19 2
31 40 2
31 20 2
31 23 2
31 26 2
31 31 2
31 32 2
31 39 2
31 36 2
33 8 2
33 10 2
33 17 2
33 19 2
33 20 2
33 26 2
33 32 2
33 33 2
33 39 2
33 36 2
0 0 3
1 0 3
1 1 3
1 37 3
1 6 3
1 11 3
1 14 3
1 15 3
1 38 3
1 16 3
1 17 3
1 29 3
1 39 3
1 34 3
2 0 3
2 2 3
2 37 3
2 4 3
2 6 3
2 11 3
2 14 3
2 15 3
2 38 3
2 16 3
2 17 3
2 40 3
2 23 3
2 29 3
2 39 3
2 34 3
5 0 3
5 3 3
5 37 3
5 4 3
5 5 3
5 6 3
5 7 3
5 8 3
5 10 3
5 11 3
5 12 3
5 14 3
5 15 3
5 38 3
5 16 3
5 17 3
5 19 3
5 40 3
5 20 3
5 22 3
5 23 3
5 24 3
5 25 3
5 29 3
5 39 3
5 34 3
5 35 3
5 36 3
9 37 3
9 8 3
9 9 3
9 10 3
9 17 3
9 19 3
9 40 3
9 20 3
9 23 3
9 26 3
9 32 3
9 39 3
9 36 3
13 37 3
13 8 3
13 13 3
13 17 3
13 19 3
13 20 3
13 39 3
13 36 3
15 15 3
17 17 3
19 19 3
20 20 3
22 22 3
27 17 3
27 19 3
27 27 3
28 0 3
28 3 3
28 37 3
28 7 3
28 8 3
28 10 3
28 12 3
28 14 3
28 15 3
28 38 3
28 16 3
28 17 3
28 19 3
28 40 3
28 20 3
28 22 3
28 23 3
28 24 3
28 25 3
28 28 3
28 29 3
28 32 3
28 39 3
28 34 3
28 35 3
28 36 3
30 37 3
30 8 3
30 10 3
30 17 3
30 19 3
30 20 3
30 26 3
30 30 3
30 32 3
30 39 3
30 36 3
31 3 3
31 37 3
31 7 3
31 8 3
31 10 3
31 16 3
31 17 3
31 18 3
31 19 3
31 40 3
31 20 3
31 23 3
31 26 3
31 31 3
31 32 3
31 39 3
31 36 3
33 8 3
33 10 3
33 17 3
33 19 3
33 20 3
33 26 3
33 32 3
33 33 3
33 39 3
33 36 3
0 0 4
1 0 4
1 1 4
1 37 4
1 6 4
1 11 4
1 14 4
1 15 4
1 38 4
1 16 4
1 17 4
1 29 4
1 39 4
1 34 4
2 0 4
2 2 4
2 37 4
2 4 4
2 6 4
2 11 4
2 14 4
2 15 4
2 38 4
2 16 4
2 17 4
2 40 4
2 23 4
2 29 4
2 39 4
2 34 4
5 0 4
5 3 4
5 37 4
5 4 4
5 5 4
5 6 4
5 7 4
5 8 4
5 10 4
5 11 4
5 12 4
5 14 4
5 15 4
5 38 4
5 16 4
5 17 4
5 19 4
5 40 4
5 20 4
5 22 4
5 23 4
5 24 4
5 25 4
5 29 4
5 39 4
5 34 4
5 35 4
5 36 4
9 37 4
9 8 4
9 9 4
9 10 4
9 17 4
9 19 4
9 40 4
9 20 4
9 23 4
9 26 4
9 32 4
9 39 4
9 36 4
13 37 4
13 8 4
13 13 4
13 17 4
13 19 4
13 20 4
13 39 4
13 36 4
15 15 4
17 17 4
19 19 4
20 20 4
22 22 4
27 17 4
27 19 4
27 27 4
28 0 4
28 3 4
28 37 4
28 7 4
28 8 4
28 10 4
28 12 4
28 14 4
28 15 4
28 38 4
28 16 4
28 17 4
28 19 4
28 40 4
28 20 4
28 22 4
28 23 4
28 24 4
28 25 4
28 28 4
28 29 4
28 32 4
28 39 4
28 34 4
28 35 4
28 36 4
30 37 4
30 8 4
30 10 4
30 17 4
30 19 4
30 20 4
30 26 4
30 30 4
30 32 4
30 39 4
30 36 4
31 3 4
31 37 4
31 7 4
31 8 4
31 10 4
31 16 4
31 17 4
31 18 4
31 19 4
31 40 4
31 20 4
31 23 4
31 26 4
31 31 4
31 32 4
31 39 4
31 36 4
33 8 4
33 10 4
33 17 4
33 19 4
33 20 4
33 26 4
33 32 4
33 33 4
33 39 4
33 36 4
0 0 5
1 0 5
1 1 5
1 37 5
1 15 5
1 38 5
1 16 5
1 17 5
1 29 5
1 39 5
1 34 5
2 0 5
2 2 5
2 37 5
2 4 5
2 7 5
2 11 5
2 15 5
2 38 5
2 16 5
2 17 5
2 40 5
2 20 5
2 23 5
2 29 5
2 39 5
2 34 5
5 0 5
5 3 5
5 37 5
5 5 5
5 7 5
5 8 5
5 11 5
5 12 5
5 15 5
5 38 5
5 16 5
5 17 5
5 19 5
5 40 5
5 20 5
5 22 5
5 23 5
5 24 5
5 25 5
5 29 5
5 32 5
5 39 5
5 34 5
5 35 5
5 36 5
6 4 5
6 6 5
6 17 5
9 37 5
9 8 5
9 9 5
9 17 5
9 19 5
9 40 5
9 20 5
9 23 5
9 26 5
9 32 5
9 39 5
9 36 5
10 10 5
13 37 5
13 8 5
13 13 5
13 17 5
13 19 5
13 20 5
13 39 5
13 36 5
14 14 5
15 15 5
17 17 5
19 19 5
20 20 5
21 37 5
21 38 5
21 16 5
21 17 5
21 21 5
21 25 5
21 39 5
21 35 5
22 22 5
27 17 5
27 19 5
27 27 5
28 0 5
28 3 5
28 37 5
28 7 5
28 8 5
28 12 5
28 15 5
28 38 5
28 16 5
28 17 5
28 19 5
28 40 5
28 20 5
28 22 5
28 23 5
28 24 5
28 25 5
28 28 5
28 29 5
28 32 5
28 39 5
28 34 5
28 35 5
28 36 5
30 37 5
30 8 5
30 17 5
30 19 5
30 20 5
30 30 5
30 32 5
30 39 5
30 36 5
31 3 5
31 37 5
31 7 5
31 8 5
31 10 5
31 16 5
31 17 5
31 18 5
31 19 5
31 40 5
31 20 5
31 23 5
31 26 5
31 31 5
31 32 5
31 39 5
31 36 5
33 8 5
33 17 5
33 19 5
33 20 5
33 26 5
33 32 5
33 33 5
33 39 5
36 36 5
6 0 6
6 1 6
6 2 6
6 4 6
6 5 6
6 15 6
10 19 6
10 20 6
10 30 6
10 39 6
14 0 6
14 1 6
14 5 6
14 15 6
17 0 6
17 1 6
17 37 6
17 5 6
17 7 6
17 8 6
17 9 6
17 13 6
17 15 6
17 38 6
17 17 6
17 19 6
17 40 6
17 20 6
17 22 6
17 23 6
17 27 6
17 28 6
17 30 6
17 31 6
17 32 6
17 33 6
17 39 6
21 0 6
21 1 6
21 5 6
21 13 6
21 15 6
21 38 6
21 16 6
21 20 6
21 22 6
21 28 6
36 13 6
36 20 6
36 39 6
36 36 6
6 0 7
6 1 7
6 2 7
6 4 7
6 5 7
6 15 7
10 19 7
10 20 7
10 30 7
10 39 7
14 0 7
14 1 7
14 5 7
14 15 7
17 0 7
17 1 7
17 37 7
17 5 7
17 7 7
17 8 7
17 9 7
17 13 7
17 15 7
17 38 7
17 17 7
17 19 7
17 40 7
17 20 7
17 22 7
17 23 7
17 27 7
17 28 7
17 30 7
17 31 7
17 32 7
17 33 7
17 39 7
21 0 7
21 1 7
21 5 7
21 13 7
21 15 7
21 38 7
21 16 7
21 20 7
21 22 7
21 28 7
36 13 7
36 20 7
36 39 7
36 36 7
3 0 8
3 1 8
3 2 8
3 3 8
3 37 8
3 5 8
3 9 8
3 10 8
3 13 8
3 14 8
3 15 8
3 38 8
3 17 8
3 19 8
3 40 8
3 20 8
3 22 8
3 27 8
3 28 8
3 30 8
3 31 8
3 33 8
3 39 8
4 0 8
4 1 8
4 2 8
4 4 8
4 5 8
4 6 8
4 15 8
6 6 8
7 0 8
7 1 8
7 2 8
7 37 8
7 5 8
7 6 8
7 7 8
7 9 8
7 10 8
7 13 8
7 14 8
7 15 8
7 38 8
7 17 8
7 19 8
7 40 8
7 20 8
7 22 8
7 27 8
7 28 8
7 30 8
7 31 8
7 33 8
7 39 8
8 0 8
8 1 8
8 2 8
8 37 8
8 5 8
8 8 8
8 9 8
8 10 8
8 13 8
8 15 8
8 38 8
8 17 8
8 19 8
8 40 8
8 20 8
8 22 8
8 27 8
8 28 8
8 30 8
8 31 8
8 33 8
8 39 8
8 36 8
10 10 8
11 0 8
11 1 8
11 2 8
11 5 8
11 6 8
11 11 8
11 15 8
11 38 8
12 0 8
12 1 8
12 5 8
12 12 8
12 15 8
12 38 8
12 22 8
12 28 8
14 14 8
16 0 8
16 1 8
16 2 8
16 37 8
16 5 8
16 9 8
16 15 8
16 38 8
16 16 8
16 19 8
16 22 8
16 25 8
16 27 8
16 28 8
16 31 8
17 17 8
18 0 8
18 1 8
18 2 8
18 37 8
18 5 8
18 9 8
18 10 8
18 13 8
18 15 8
18 38 8
18 17 8
18 18 8
18 19 8
18 40 8
18 20 8
18 22 8
18 27 8
18 28 8
18 30 8
18 31 8
18 33 8
21 0 8
21 1 8
21 2 8
21 5 8
21 15 8
21 38 8
21 21 8
21 22 8
21 28 8
23 0 8
23 1 8
23 37 8
23 5 8
23 9 8
23 15 8
23 38 8
23 17 8
23 19 8
23 22 8
23 23 8
23 27 8
23 28 8
23 31 8
24 0 8
24 1 8
24 2 8
24 37 8
24 5 8
24 15 8
24 38 8
24 19 8
24 22 8
24 24 8
24 28 8
24 31 8
25 25 8
26 19 8
26 26 8
29 0 8
29 1 8
29 2 8
29 5 8
29 15 8
29 38 8
29 28 8
29 29 8
32 9 8
32 19 8
32 27 8
32 30 8
32 31 8
32 32 8
32 33 8
34 0 8
34 1 8
34 2 8
34 5 8
34 15 8
34 38 8
34 34 8
35 0 8
35 1 8
35 2 8
35 37 8
35 5 8
35 9 8
35 13 8
35 14 8
35 15 8
35 38 8
35 19 8
35 20 8
35 22 8
35 25 8
35 27 8
35 28 8
35 30 8
35 31 8
35 33 8
35 35 8
36 36 8
3 0 9
3 1 9
3 2 9
3 3 9
3 37 9
3 5 9
3 9 9
3 10 9
3 13 9
3 14 9
3 15 9
3 38 9
3 17 9
3 19 9
3 40 9
3 20 9
3 22 9
3 27 9
3 28 9
3 30 9
3 31 9
3 33 9
3 39 9
4 0 9
4 1 9
4 2 9
4 4 9
4 5 9
4 6 9
4 15 9
6 6 9
7 0 9
7 1 9
7 2 9
7 37 9
7 5 9
7 6 9
7 7 9
7 9 9
7 10 9
7 13 9
7 14 9
7 15 9
7 38 9
7 17 9
7 19 9
7 40 9
7 20 9
7 22 9
7 27 9
7 28 9
7 30 9
7 31 9
7 33 9
7 39 9
8 0 9
8 1 9
8 2 9
8 37 9
8 5 9
8 8 9
8 9 9
8 10 9
8 13 9
8 15 9
8 38 9
8 17 9
8 19 9
8 40 9
8 20 9
8 22 9
8 27 9
8 28 9
8 30 9
8 31 9
8 33 9
8 39 9
8 36 9
10 10 9
11 0 9
11 1 9
11 2 9
11 5 9
11 6 9
11 11 9
11 15 9
11 38 9
12 0 9
12 1 9
12 5 9
12 12 9
12 15 9
12 38 9
12 22 9
12 28 9
14 14 9
16 0 9
16 1 9
16 2 9
16 37 9
16 5 9
16 9 9
16 15 9
16 38 9
16 16 9
16 19 9
16 22 9
16 25 9
16 27 9
16 28 9
16 31 9
17 17 9
18 0 9
18 1 9
18 2 9
18 37 9
18 5 9
18 9 9
18 10 9
18 13 9
18 15 9
18 38 9
18 17 9
18 18 9
18 19 9
18 40 9
18 20 9
18 22 9
18 27 9
18 28 9
18 30 9
18 31 9
18 33 9
21 0 9
21 1 9
21 2 9
21 5 9
21 15 9
21 38 9
21 21 9
21 22 9
21 28 9
23 0 9
23 1 9
23 37 9
23 5 9
23 9 9
23 15 9
23 38 9
23 17 9
23 19 9
23 22 9
23 23 9
23 27 9
23 28 9
23 31 9
24 0 9
24 1 9
24 2 9
24 37 9
24 5 9
24 15 9
24 38 9
24 19 9
24 22 9
24 24 9
24 28 9
24 31 9
25 25 9
26 19 9
26 26 9
29 0 9
29 1 9
29 2 9
29 5 9
29 15 9
29 38 9
29 28 9
29 29 9
32 9 9
32 19 9
32 27 9
32 30 9
32 31 9
32 32 9
32 33 9
34 0 9
34 1 9
34 2 9
34 5 9
34 15 9
34 38 9
34 34 9
35 0 9
35 1 9
35 2 9
35 37 9
35 5 9
35 9 9
35 13 9
35 14 9
35 15 9
35 38 9
35 19 9
35 20 9
35 22 9
35 25 9
35 27 9
35 28 9
35 30 9
35 31 9
35 33 9
35 35 9
36 36 9
3 0 10
3 1 10
3 2 10
3 3 10
3 37 10
3 5 10
3 9 10
3 10 10
3 13 10
3 14 10
3 15 10
3 38 10
3 17 10
3 19 10
3 40 10
3 20 10
3 22 10
3 27 10
3 28 10
3 30 10
3 31 10
3 33 10
3 39 10
4 0 10
4 1 10
4 2 10
4 4 10
4 5 10
4 6 10
4 15 10
6 6 10
7 0 10
7 1 10
7 2 10
7 37 10
7 5 10
7 6 10
7 7 10
7 9 10
7 10 10
7 13 10
7 14 10
7 15 10
7 38 10
7 17 10
7 19 10
7 40 10
7 20 10
7 22 10
7 27 10
7 28 10
7 30 10
7 31 10
7 33 10
7 39 10
8 0 10
8 1 10
8 2 10
8 37 10
8 5 10
8 8 10
8 9 10
8 10 10
8 13 10
8 15 10
8 38 10
8 17 10
8 19 10
8 40 10
8 20 10
8 22 10
8 27 10
8 28 10
8 30 10
8 31 10
8 33 10
8 39 10
8 36 10
10 10 10
11 0 10
11 1 10
11 2 10
11 5 10
11 6 10
11 11 10
11 15 10
11 38 10
12 0 10
12 1 10
12 5 10
12 12 10
12 15 10
12 38 10
12 22 10
12 28 10
14 14 10
16 0 10
16 1 10
16 2 10
16 37 10
16 5 10
16 9 10
16 15 10
16 38 10
16 16 10
16 19 10
16 22 10
16 25 10
16 27 10
16 28 10
16 31 10
17 17 10
18 0 10
18 1 10
18 2 10
18 37 10
18 5 10
18 9 10
18 10 10
18 13 10
18 15 10
18 38 10
18 17 10
18 18 10
18 19 10
18 40 10
18 20 10
18 22 10
18 27 10
18 28 10
18 30 10
18 31 10
18 33 10
21 0 10
21 1 10
21 2 10
21 5 10
21 15 10
21 38 10
21 21 10
21 22 10
21 28 10
23 0 10
23 1 10
23 37 10
23 5 10
23 9 10
23 15 10
23 38 10
23 17 10
23 19 10
23 22 10
23 23 10
23 27 10
23 28 10
23 31 10
24 0 10
24 1 10
24 2 10
24 37 10
24 5 10
24 15 10
24 38 10
24 19 10
24 22 10
24 24 10
24 28 10
24 31 10
25 25 10
26 19 10
26 26 10
29 0 10
29 1 10
29 2 10
29 5 10
29 15 10
29 38 10
29 28 10
29 29 10
32 9 10
32 19 10
32 27 10
32 30 10
32 31 10
32 32 10
32 33 10
34 0 10
34 1 10
34 2 10
34 5 10
34 15 10
34 38 10
34 34 10
35 0 10
35 1 10
35 2 10
35 37 10
35 5 10
35 9 10
35 13 10
35 14 10
35 15 10
35 38 10
35 19 10
35 20 10
35 22 10
35 25 10
35 27 10
35 28 10
35 30 10
35 31 10
35 33 10
35 35 10
36 36 10
0 0 11
1 1 11
2 2 11
3 0 11
3 1 11
3 2 11
3 3 11
3 37 11
3 6 11
3 9 11
3 10 11
3 13 11
3 14 11
3 15 11
3 38 11
3 17 11
3 19 11
3 40 11
3 20 11
3 22 11
3 26 11
3 27 11
3 30 11
3 31 11
3 33 11
3 39 11
4 0 11
4 1 11
4 2 11
4 4 11
4 6 11
4 15 11
4 38 11
5 0 11
5 1 11
5 5 11
5 15 11
5 38 11
6 6 11
7 0 11
7 1 11
7 2 11
7 37 11
7 6 11
7 7 11
7 9 11
7 10 11
7 13 11
7 14 11
7 15 11
7 38 11
7 17 11
7 19 11
7 40 11
7 20 11
7 22 11
7 25 11
7 26 11
7 27 11
7 30 11
7 31 11
7 33 11
7 39 11
8 0 11
8 1 11
8 2 11
8 37 11
8 6 11
8 8 11
8 9 11
8 10 11
8 13 11
8 14 11
8 15 11
8 38 11
8 17 11
8 19 11
8 40 11
8 20 11
8 22 11
8 26 11
8 27 11
8 30 11
8 31 11
8 33 11
8 39 11
8 36 11
9 9 11
10 10 11
11 0 11
11 1 11
11 2 11
11 6 11
11 11 11
11 14 11
11 15 11
11 38 11
12 12 11
12 38 11
13 13 11
14 14 11
15 15 11
16 0 11
16 1 11
16 2 11
16 37 11
16 9 11
16 14 11
16 15 11
16 38 11
16 16 11
16 17 11
16 19 11
16 22 11
16 25 11
16 27 11
16 31 11
17 17 11
18 0 11
18 1 11
18 37 11
18 9 11
18 10 11
18 15 11
18 38 11
18 17 11
18 18 11
18 19 11
18 40 11
18 20 11
18 22 11
18 27 11
18 30 11
18 31 11
18 33 11
18 39 11
19 19 11
20 20 11
21 0 11
21 1 11
21 15 11
21 38 11
21 21 11
21 22 11
22 22 11
23 17 11
23 19 11
23 23 11
24 0 11
24 1 11
24 37 11
24 15 11
24 38 11
24 19 11
24 22 11
24 24 11
25 25 11
26 26 11
27 27 11
28 0 11
28 1 11
28 37 11
28 15 11
28 38 11
28 19 11
28 22 11
28 28 11
29 0 11
29 1 11
29 15 11
29 38 11
29 29 11
30 30 11
31 31 11
32 9 11
32 19 11
32 27 11
32 31 11
32 32 11
32 33 11
33 33 11
34 0 11
34 1 11
34 2 11
34 15 11
34 38 11
34 34 11
35 0 11
35 1 11
35 2 11
35 37 11
35 6 11
35 9 11
35 14 11
35 15 11
35 38 11
35 17 11
35 19 11
35 20 11
35 22 11
35 25 11
35 27 11
35 30 11
35 31 11
35 33 11
35 39 11
35 35 11
36 36 11
0 0 12
1 0 12
1 1 12
1 37 12
1 6 12
1 11 12
1 14 12
1 15 12
1 38 12
1 16 12
1 17 12
1 29 12
1 39 12
1 34 12
2 0 12
2 2 12
2 37 12
2 4 12
2 6 12
2 11 12
2 14 12
2 15 12
2 38 12
2 16 12
2 17 12
2 40 12
2 23 12
2 29 12
2 39 12
2 34 12
5 0 12
5 3 12
5 37 12
5 4 12
5 5 12
5 6 12
5 7 12
5 8 12
5 10 12
5 11 12
5 12 12
5 14 12
5 15 12
5 38 12
5 16 12
5 17 12
5 19 12
5 40 12
5 20 12
5 22 12
5 23 12
5 24 12
5 25 12
5 29 12
5 39 12
5 34 12
5 35 12
5 36 12
9 37 12
9 8 12
9 9 12
9 10 12
9 17 12
9 19 12
9 40 12
9 20 12
9 23 12
9 26 12
9 32 12
9 39 12
9 36 12
13 37 12
13 8 12
13 13 12
13 17 12
13 19 12
13 20 12
13 39 12
13 36 12
15 15 12
17 17 12
19 19 12
20 20 12
22 22 12
27 17 12
27 19 12
27 27 12
28 0 12
28 3 12
28 37 12
28 7 12
28 8 12
28 10 12
28 12 12
28 14 12
28 15 12
28 38 12
28 16 12
28 17 12
28 19 12
28 40 12
28 20 12
28 22 12
28 23 12
28 24 12
28 25 12
28 28 12
28 29 12
28 32 12
28 39 12
28 34 12
28 35 12
28 36 12
30 37 12
30 8 12
30 10 12
30 17 12
30 19 12
30 20 12
30 26 12
30 30 12
30 32 12
30 39 12
30 36 12
31 3 12
31 37 12
31 7 12
31 8 12
31 10 12
31 16 12
31 17 12
31 18 12
31 19 12
31 40 12
31 20 12
31 23 12
31 26 12
31 31 12
31 32 12
31 39 12
31 36 12
33 8 12
33 10 12
33 17 12
33 19 12
33 20 12
33 26 12
33 32 12
33 33 12
33 39 12
33 36 12
0 0 13
1 0 13
1 1 13
1 37 13
1 6 13
1 11 13
1 14 13
1 15 13
1 38 13
1 16 13
1 17 13
1 29 13
1 39 13
1 34 13
2 0 13
2 2 13
2 37 13
2 4 13
2 6 13
2 11 13
2 14 13
2 15 13
2 38 13
2 16 13
2 17 13
2 40 13
2 23 13
2 29 13
2 39 13
2 34 13
5 0 13
5 3 13
5 37 13
5 4 13
5 5 13
5 6 13
5 7 13
5 8 13
5 10 13
5 11 13
5 12 13
5 14 13
5 15 13
5 38 13
5 16 13
5 17 13
5 19 13
5 40 13
5 20 13
5 22 13
5 23 13
5 24 13
5 25 13
5 29 13
5 39 13
5 34 13
5 35 13
5 36 13
9 37 13
9 8 13
9 9 13
9 10 13
9 17 13
9 19 13
9 40 13
9 20 13
9 23 13
9 26 13
9 32 13
9 39 13
9 36 13
13 37 13
13 8 13
13 13 13
13 17 13
13 19 13
13 20 13
13 39 13
13 36 13
15 15 13
17 17 13
19 19 13
20 20 13
22 22 13
27 17 13
27 19 13
27 27 13
28 0 13
28 3 13
28 37 13
28 7 13
28 8 13
28 10 13
28 12 13
28 14 13
28 15 13
28 38 13
28 16 13
28 17 13
28 19 13
28 40 13
28 20 13
28 22 13
28 23 13
28 24 13
28 25 13
28 28 13
28 29 13
28 32 13
28 39 13
28 34 13
28 35 13
28 36 13
30 37 13
30 8 13
30 10 13
30 17 13
30 19 13
30 20 13
30 26 13
30 30 13
30 32 13
30 39 13
30 36 13
31 3 13
31 37 13
31 7 13
31 8 13
31 10 13
31 16 13
31 17 13
31 18 13
31 19 13
31 40 13
31 20 13
31 23 13
31 26 13
31 31 13
31 32 13
31 39 13
31 36 13
33 8 13
33 10 13
33 17 13
33 19 13
33 20 13
33 26 13
33 32 13
33 33 13
33 39 13
33 36 13
0 0 14
1 0 14
1 1 14
1 37 14
1 6 14
1 11 14
1 14 14
1 15 14
1 38 14
1 16 14
1 17 14
1 29 14
1 39 14
1 34 14
2 0 14
2 2 14
2 37 14
2 4 14
2 6 14
2 11 14
2 14 14
2 15 14
2 38 14
2 16 14
2 17 14
2 40 14
2 23 14
2 29 14
2 39 14
2 34 14
5 0 14
5 3 14
5 37 14
5 4 14
5 5 14
5 6 14
5 7 14
5 8 14
5 10 14
5 11 14
5 12 14
5 14 14
5 15 14
5 38 14
5 16 14
5 17 14
5 19 14
5 40 14
5 20 14
5 22 14
5 23 14
5 24 14
5 25 14
5 29 14
5 39 14
5 34 14
5 35 14
5 36 14
9 37 14
9 8 14
9 9 14
9 10 14
9 17 14
9 19 14
9 40 14
9 20 14
9 23 14
9 26 14
9 32 14
9 39 14
9 36 14
13 37 14
13 8 14
13 13 14
13 17 14
13 19 14
13 20 14
13 39 14
13 36 14
15 15 14
17 17 14
19 19 14
20 20 14
22 22 14
27 17 14
27 19 14
27 27 14
28 0 14
28 3 14
28 37 14
28 7 14
28 8 14
28 10 14
28 12 14
28 14 14
28 15 14
28 38 14
28 16 14
28 17 14
28 19 14
28 40 14
28 20 14
28 22 14
28 23 14
28 24 14
28 25 14
28 28 14
28 29 14
28 32 14
28 39 14
28 34 14
28 35 14
28 36 14
30 37 14
30 8 14
30 10 14
30 17 14
30 19 14
30 20 14
30 26 14
30 30 14
30 32 14
30 39 14
30 36 14
31 3 14
31 37 14
31 7 14
31 8 14
31 10 14
31 16 14
31 17 14
31 18 14
31 19 14
31 40 14
31 20 14
31 23 14
31 26 14
31 31 14
31 32 14
31 39 14
31 36 14
33 8 14
33 10 14
33 17 14
33 19 14
33 20 14
33 26 14
33 32 14
33 33 14
33 39 14
33 36 14
0 0 15
1 0 15
1 1 15
1 37 15
1 6 15
1 11 15
1 14 15
1 15 15
1 38 15
1 16 15
1 17 15
1 29 15
1 39 15
1 34 15
2 0 15
2 2 15
2 37 15
2 4 15
2 6 15
2 11 15
2 14 15
2 15 15
2 38 15
2 16 15
2 17 15
2 40 15
2 23 15
2 29 15
2 39 15
2 34 15
5 0 15
5 3 15
5 37 15
5 4 15
5 5 15
5 6 15
5 7 15
5 8 15
5 10 15
5 11 15
5 12 15
5 14 15
5 15 15
5 38 15
5 16 15
5 17 15
5 19 15
5 40 15
5 20 15
5 22 15
5 23 15
5 24 15
5 25 15
5 29 15
5 39 15
5 34 15
5 35 15
5 36 15
9 37 15
9 8 15
9 9 15
9 10 15
9 17 15
9 19 15
9 40 15
9 20 15
9 23 15
9 26 15
9 32 15
9 39 15
9 36 15
13 37 15
13 8 15
13 13 15
13 17 15
13 19 15
13 20 15
13 39 15
13 36 15
15 15 15
17 17 15
19 19 15
20 20 15
22 22 15
27 17 15
27 19 15
27 27 15
28 0 15
28 3 15
28 37 15
28 7 15
28 8 15
28 10 15
28 12 15
28 14 15
28 15 15
28 38 15
28 16 15
28 17 15
28 19 15
28 40 15
28 20 15
28 22 15
28 23 15
28 24 15
28 25 15
28 28 15
28 29 15
28 32 15
28 39 15
28 34 15
28 35 15
28 36 15
30 37 15
30 8 15
30 10 15
30 17 15
30 19 15
30 20 15
30 26 15
30 30 15
30 32 15
30 39 15
30 36 15
31 3 15
31 37 15
31 7 15
31 8 15
31 10 15
31 16 15
31 17 15
31 18 15
31 19 15
31 40 15
31 20 15
31 23 15
31 26 15
31 31 15
31 32 15
31 39 15
31 36 15
33 8 15
33 10 15
33 17 15
33 19 15
33 20 15
33 26 15
33 32 15
33 33 15
33 39 15
33 36 15
0 0 16
1 0 16
1 1 16
1 37 16
1 6 16
1 11 16
1 14 16
1 15 16
1 38 16
1 16 16
1 17 16
1 29 16
1 39 16
1 34 16
2 0 16
2 2 16
2 37 16
2 4 16
2 6 16
2 11 16
2 14 16
2 15 16
2 38 16
2 16 16
2 17 16
2 40 16
2 23 16
2 29 16
2 39 16
2 34 16
5 0 16
5 3 16
5 37 16
5 4 16
5 5 16
5 6 16
5 7 16
5 8 16
5 10 16
5 11 16
5 12 16
5 14 16
5 15 16
5 38 16
5 16 16
5 17 16
5 19 16
5 40 16
5 20 16
5 22 16
5 23 16
5 24 16
5 25 16
5 29 16
5 39 16
5 34 16
5 35 16
5 36 16
9 37 16
9 8 16
9 9 16
9 10 16
9 17 16
9 19 16
9 40 16
9 20 16
9 23 16
9 26 16
9 32 16
9 39 16
9 36 16
13 37 16
13 8 16
13 13 16
13 17 16
13 19 16
13 20 16
13 39 16
13 36 16
15 15 16
17 17 16
19 19 16
20 20 16
22 22 16
27 17 16
27 19 16
27 27 16
28 0 16
28 3 16
28 37 16
28 7 16
28 8 16
28 10 16
28 12 16
28 14 16
28 15 16
28 38 16
28 16 16
28 17 16
28 19 16
28 40 16
28 20 16
28 22 16
28 23 16
28 24 16
28 25 16
28 28 16
28 29 16
28 32 16
28 39 16
28 34 16
28 35 16
28 36 16
30 37 16
30 8 16
30 10 16
30 17 16
30 19 16
30 20 16
30 26 16
30 30 16
30 32 16
30 39 16
30 36 16
31 3 16
31 37 16
31 7 16
31 8 16
31 10 16
31 16 16
31 17 16
31 18 16
31 19 16
31 40 16
31 20 16
31 23 16
31 26 16
31 31 16
31 32 16
31 39 16
31 36 16
33 8 16
33 10 16
33 17 16
33 19 16
33 20 16
33 26 16
33 32 16
33 33 16
33 39 16
33 36 16
0 0 17
1 0 17
1 1 17
1 37 17
1 15 17
1 38 17
1 16 17
1 17 17
1 29 17
1 39 17
1 34 17
2 0 17
2 2 17
2 37 17
2 4 17
2 7 17
2 11 17
2 15 17
2 38 17
2 16 17
2 17 17
2 40 17
2 20 17
2 23 17
2 29 17
2 39 17
2 34 17
5 0 17
5 3 17
5 37 17
5 5 17
5 7 17
5 8 17
5 11 17
5 12 17
5 15 17
5 38 17
5 16 17
5 17 17
5 19 17
5 40 17
5 20 17
5 22 17
5 23 17
5 24 17
5 25 17
5 29 17
5 32 17
5 39 17
5 34 17
5 35 17
5 36 17
6 4 17
6 6 17
6 17 17
9 37 17
9 8 17
9 9 17
9 17 17
9 19 17
9 40 17
9 20 17
9 23 17
9 26 17
9 32 17
9 39 17
9 36 17
10 10 17
13 37 17
13 8 17
13 13 17
13 17 17
13 19 17
13 20 17
13 39 17
13 36 17
14 14 17
15 15 17
17 17 17
19 19 17
20 20 17
21 37 17
21 38 17
21 16 17
21 17 17
21 21 17
21 25 17
21 39 17
21 35 17
22 22 17
27 17 17
27 19 17
27 27 17
28 0 17
28 3 17
28 37 17
28 7 17
28 8 17
28 12 17
28 15 17
28 38 17
28 16 17
28 17 17
28 19 17
28 40 17
28 20 17
28 22 17
28 23 17
28 24 17
28 25 17
28 28 17
28 29 17
28 32 17
28 39 17
28 34 17
28 35 17
28 36 17
30 37 17
30 8 17
30 17 17
30 19 17
30 20 17
30 30 17
30 32 17
30 39 17
30 36 17
31 3 17
31 37 17
31 7 17
31 8 17
31 10 17
31 16 17
31 17 17
31 18 17
31 19 17
31 40 17
31 20 17
31 23 17
31 26 17
31 31 17
31 32 17
31 39 17
31 36 17
33 8 17
33 17 17
33 19 17
33 20 17
33 26 17
33 32 17
33 33 17
33 39 17
36 36 17
6 0 18
6 1 18
6 2 18
6 4 18
6 5 18
6 15 18
10 19 18
10 20 18
10 30 18
10 39 18
14 0 18
14 1 18
14 5 18
14 15 18
17 0 18
17 1 18
17 37 18
17 5 18
17 7 18
17 8 18
17 9 18
17 13 18
17 15 18
17 38 18
17 17 18
17 19 18
17 40 18
17 20 18
17 22 18
17 23 18
17 27 18
17 28 18
17 30 18
17 31 18
17 32 18
17 33 18
17 39 18
21 0 18
21 1 18
21 5 18
21 13 18
21 15 18
21 38 18
21 16 18
21 20 18
21 22 18
21 28 18
36 13 18
36 20 18
36 39 18
36 36 18
6 0 19
6 1 19
6 2 19
6 4 19
6 5 19
6 15 19
10 19 19
10 20 19
10 30 19
10 39 19
14 0 19
14 1 19
14 5 19
14 15 19
17 0 19
17 1 19
17 37 19
17 5 19
17 7 19
17 8 19
17 9 19
17 13 19
17 15 19
17 38 19
17 17 19
17 19 19
17 40 19
17 20 19
17 22 19
17 23 19
17 27 19
17 28 19
17 30 19
17 31 19
17 32 19
17 33 19
17 39 19
21 0 19
21 1 19
21 5 19
21 13 19
21 15 19
21 38 19
21 16 19
21 20 19
21 22 19
21 28 19
36 13 19
36 20 19
36 39 19
36 36 19
3 0 20
3 1 20
3 2 20
3 3 20
3 37 20
3 5 20
3 9 20
3 10 20
3 13 20
3 14 20
3 15 20
3 38 20
3 17 20
3 19 20
3 40 20
3 20 20
3 22 20
3 27 20
3 28 20
3 30 20
3 31 20
3 33 20
3 39 20
4 0 20
4 1 20
4 2 20
4 4 20
4 5 20
4 6 20
4 15 20
6 6 20
7 0 20
7 1 20
7 2 20
7 37 20
7 5 20
7 6 20
7 7 20
7 9 20
7 10 20
7 13 20
7 14 20
7 15 20
7 38 20
7 17 20
7 19 20
7 40 20
7 20 20
7 22 20
7 27 20
7 28 20
7 30 20
7 31 20
7 33 20
7 39 20
8 0 20
8 1 20
8 2 20
8 37 20
8 5 20
8 8 20
8 9 20
8 10 20
8 13 20
8 15 20
8 38 20
8 17 20
8 19 20
8 40 20
8 20 20
8 22 20
8 27 20
8 28 20
8 30 20
8 31 20
8 33 20
8 39 20
8 36 20
10 10 20
11 0 20
11 1 20
11 2 20
11 5 20
11 6 20
11 11 20
11 15 20
11 38 20
12 0 20
12 1 20
12 5 20
12 12 20
12 15 20
12 38 20
12 22 20
12 28 20
14 14 20
16 0 20
16 1 20
16 2 20
16 37 20
16 5 20
16 9 20
16 15 20
16 38 20
16 16 20
16 19 20
16 22 20
16 25 20
16 27 20
16 28 20
16 31 20
17 17 20
18 0 20
18 1 20
18 2 20
18 37 20
18 5 20
18 9 20
18 10 20
18 13 20
18 15 20
18 38 20
18 17 20
18 18 20
18 19 20
18 40 20
18 20 20
18 22 20
18 27 20
18 28 20
18 30 20
18 31 20
18 33 20
21 0 20
21 1 20
21 2 20
21 5 20
21 15 20
21 38 20
21 21 20
21 22 20
21 28 20
23 0 20
23 1 20
23 37 20
23 5 20
23 9 20
23 15 20
23 38 20
23 17 20
23 19 20
23 22 20
23 23 20
23 27 20
23 28 20
23 31 20
24 0 20
24 1 20
24 2 20
24 37 20
24 5 20
24 15 20
24 38 20
24 19 20
24 22 20
24 24 20
24 28 20
24 31 20
25 25 20
26 19 20
26 26 20
29 0 20
29 1 20
29 2 20
29 5 20
29 15 20
29 38 20
29 28 20
29 29 20
32 9 20
32 19 20
32 27 20
32 30 20
32 31 20
32 32 20
32 33 20
34 0 20
34 1 20
34 2 20
34 5 20
34 15 20
34 38 20
34 34 20
35 0 20
35 1 20
35 2 20
35 37 20
35 5 20
35 9 20
35 13 20
35 14 20
35 15 20
35 38 20
35 19 20
35 20 20
35 22 20
35 25 20
35 27 20
35 28 20
35 30 20
35 31 20
35 33 20
35 35 20
36 36 20
3 0 21
3 1 21
3 2 21
3 3 21
3 37 21
3 5 21
3 9 21
3 10 21
3 13 21
3 14 21
3 15 21
3 38 21
3 17 21
3 19 21
3 40 21
3 20 21
3 22 21
3 27 21
3 28 21
3 30 21
3 31 21
3 33 21
3 39 21
4 0 21
4 1 21
4 2 21
4 4 21
4 5 21
4 6 21
4 15 21
6 6 21
7 0 21
7 1 21
7 2 21
7 37 21
7 5 21
7 6 21
7 7 21
7 9 21
7 10 21
7 13 21
7 14 21
7 15 21
7 38 21
7 17 21
7 19 21
7 40 21
7 20 21
7 22 21
7 27 21
7 28 21
7 30 21
7 31 21
7 33 21
7 39 21
8 0 21
8 1 21
8 2 21
8 37 21
8 5 21
8 8 21
8 9 21
8 10 21
8 13 21
8 15 21
8 38 21
8 17 21
8 19 21
8 40 21
8 20 21
8 22 21
8 27 21
8 28 21
8 30 21
8 31 21
8 33 21
8 39 21
8 36 21
10 10 21
11 0 21
11 1 21
11 2 21
11 5 21
11 6 21
11 11 21
11 15 21
11 38 21
12 0 21
12 1 21
12 5 21
12 12 21
12 15 21
12 38 21
12 22 21
12 28 21
14 14 21
16 0 21
16 1 21
16 2 21
16 37 21
16 5 21
16 9 21
16 15 21
16 38 21
16 16 21
16 19 21
16 22 21
16 25 21
16 27 21
16 28 21
16 31 21
17 17 21
18 0 21
18 1 21
18 2 21
18 37 21
18 5 21
18 9 21
18 10 21
18 13 21
18 15 21
18 38 21
18 17 21
18 18 21
18 19 21
18 40 21
18 20 21
18 22 21
18 27 21
18 28 21
18 30 21
18 31 21
18 33 21
21 0 21
21 1 21
21 2 21
21 5 21
21 15 21
21 38 21
21 21 21
21 22 21
21 28 21
23 0 21
23 1 21
23 37 21
23 5 21
23 9 21
23 15 21
23 38 21
23 17 21
23 19 21
23 22 21
23 23 21
23 27 21
23 28 21
23 31 21
24 0 21
24 1 21
24 2 21
24 37 21
24 5 21
24 15 21
24 38 21
24 19 21
24 22 21
24 24 21
24 28 21
24 31 21
25 25 21
26 19 21
26 26 21
29 0 21
29 1 21
29 2 21
29 5 21
29 15 21
29 38 21
29 28 21
29 29 21
32 9 21
32 19 21
32 27 21
32 30 21
32 31 21
32 32 21
32 33 21
34 0 21
34 1 21
34 2 21
34 5 21
34 15 21
34 38 21
34 34 21
35 0 21
35 1 21
35 2 21
35 37 21
35 5 21
35 9 21
35 13 21
35 14 21
35 15 21
35 38 21
35 19 21
35 20 21
35 22 21
35 25 21
35 27 21
35 28 21
35 30 21
35 31 21
35 33 21
35 35 21
36 36 21
3 0 22
3 1 22
3 2 22
3 3 22
3 37 22
3 5 22
3 9 22
3 10 22
3 13 22
3 14 22
3 15 22
3 38 22
3 17 22
3 19 22
3 40 22
3 20 22
3 22 22
3 27 22
3 28 22
3 30 22
3 31 22
3 33 22
3 39 22
4 0 22
4 1 22
4 2 22
4 4 22
4 5 22
4 6 22
4 15 22
6 6 22
7 0 22
7 1 22
7 2 22
7 37 22
7 5 22
7 6 22
7 7 22
7 9 22
7 10 22
7 13 22
7 14 22
7 15 22
7 38 22
7 17 22
7 19 22
7 40 22
7 20 22
7 22 22
7 27 22
7 28 22
7 30 22
7 31 22
7 33 22
7 39 22
8 0 22
8 1 22
8 2 22
8 37 22
8 5 22
8 8 22
8 9 22
8 10 22
8 13 22
8 15 22
8 38 22
8 17 22
8 19 22
8 40 22
8 20 22
8 22 22
8 27 22
8 28 22
8 30 22
8 31 22
8 33 22
8 39 22
8 36 22
10 10 22
11 0 22
11 1 22
11 2 22
11 5 22
11 6 22
11 11 22
11 15 22
11 38 22
12 0 22
12 1 22
12 5 22
12 12 22
12 15 22
12 38 22
12 22 22
12 28 22
14 14 22
16 0 22
16 1 22
16 2 22
16 37 22
16 5 22
16 9 22
16 15 22
16 38 22
16 16 22
16 19 22
16 22 22
16 25 22
16 27 22
16 28 22
16 31 22
17 17 22
18 0 22
18 1 22
18 2 22
18 37 22
18 5 22
18 9 22
18 10 22
18 13 22
18 15 22
18 38 22
18 17 22
18 18 22
18 19 22
18 40 22
18 20 22
18 22 22
18 27 22
18 28 22
18 30 22
18 31 22
18 33 22
21 0 22
21 1 22
21 2 22
21 5 22
21 15 22
21 38 22
21 21 22
21 22 22
21 28 22
23 0 22
23 1 22
23 37 22
23 5 22
23 9 22
23 15 22
23 38 22
23 17 22
23 19 22
23 22 22
23 23 22
23 27 22
23 28 22
23 31 22
24 0 22
24 1 22
24 2 22
24 37 22
24 5 22
24 15 22
24 38 22
24 19 22
24 22 22
24 24 22
24 28 22
24 31 22
25 25 22
26 19 22
26 26 22
29 0 22
29 1 22
29 2 22
29 5 22
29 15 22
29 38 22
29 28 22
29 29 22
32 9 22
32 19 22
32 27 22
32 30 22
32 31 22
32 32 22
32 33 22
34 0 22
34 1 22
34 2 22
34 5 22
34 15 22
34 38 22
34 34 22
35 0 22
35 1 22
35 2 22
35 37 22
35 5 22
35 9 22
35 13 22
35 14 22
35 15 22
35 38 22
35 19 22
35 20 22
35 22 22
35 25 22
35 27 22
35 28 22
35 30 22
35 31 22
35 33 22
35 35 22
36 36 22
0 0 23
1 1 23
2 2 23
3 0 23
3 1 23
3 2 23
3 3 23
3 37 23
3 6 23
3 9 23
3 10 23
3 13 23
3 14 23
3 15 23
3 38 23
3 17 23
3 19 23
3 40 23
3 20 23
3 22 23
3 26 23
3 27 23
3 30 23
3 31 23
3 33 23
3 39 23
4 0 23
4 1 23
4 2 23
4 4 23
4 6 23
4 15 23
4 38 23
5 0 23
5 1 23
5 5 23
5 15 23
5 38 23
6 6 23
7 0 23
7 1 23
7 2 23
7 37 23
7 6 23
7 7 23
7 9 23
7 10 23
7 13 23
7 14 23
7 15 23
7 38 23
7 17 23
7 19 23
7 40 23
7 20 23
7 22 23
7 25 23
7 26 23
7 27 23
7 30 23
7 31 23
7 33 23
7 39 23
8 0 23
8 1 23
8 2 23
8 37 23
8 6 23
8 8 23
8 9 23
8 10 23
8 13 23
8 14 23
8 15 23
8 38 23
8 17 23
8 19 23
8 40 23
8 20 23
8 22 23
8 26 23
8 27 23
8 30 23
8 31 23
8 33 23
8 39 23
8 36 23
9 9 23
10 10 23
11 0 23
11 1 23
11 2 23
11 6 23
11 11 23
11 14 23
11 15 23
11 38 23
12 12 23
12 38 23
13 13 23
14 14 23
15 15 23
16 0 23
16 1 23
16 2 23
16 37 23
16 9 23
16 14 23
16 15 23
16 38 23
16 16 23
16 17 23
16 19 23
16 22 23
16 25 23
16 27 23
16 31 23
17 17 23
18 0 23
18 1 23
18 37 23
18 9 23
18 10 23
18 15 23
18 38 23
18 17 23
18 18 23
18 19 23
18 40 23
18 20 23
18 22 23
18 27 23
18 30 23
18 31 23
18 33 23
18 39 23
19 19 23
20 20 23
21 0 23
21 1 23
21 15 23
21 38 23
21 21 23
21 22 23
22 22 23
23 17 23
23 19 23
23 23 23
24 0 23
24 1 23
24 37 23
24 15 23
24 38 23
24 19 23
24 22 23
24 24 23
25 25 23
26 26 23
27 27 23
28 0 23
28 1 23
28 37 23
28 15 23
28 38 23
28 19 23
28 22 23
28 28 23
29 0 23
29 1 23
29 15 23
29 38 23
29 29 23
30 30 23
31 31 23
32 9 23
32 19 23
32 27 23
32 31 23
32 32 23
32 33 23
33 33 23
34 0 23
34 1 23
34 2 23
34 15 23
34 38 23
34 34 23
35 0 23
35 1 23
35 2 23
35 37 23
35 6 23
35 9 23
35 14 23
35 15 23
35 38 23
35 17 23
35 19 23
35 20 23
35 22 23
35 25 23
35 27 23
35 30 23
35 31 23
35 33 23
35 39 23
35 35 23
36 36 23
