0 0 1
1 0 1
1 1 1
1 3 1
1 37 1
1 4 1
1 6 1
1 7 1
1 8 1
1 10 1
1 11 1
1 12 1
1 14 1
1 15 1
1 38 1
1 16 1
1 17 1
1 18 1
1 19 1
1 39 1
1 20 1
1 21 1
1 22 1
1 23 1
1 24 1
1 25 1
1 26 1
1 29 1
1 32 1
1 40 1
1 34 1
1 35 1
1 36 1
2 0 1
2 2 1
2 3 1
2 37 1
2 4 1
2 6 1
2 7 1
2 8 1
2 10 1
2 11 1
2 12 1
2 14 1
2 15 1
2 38 1
2 16 1
2 17 1
2 18 1
2 19 1
2 39 1
2 20 1
2 21 1
2 22 1
2 23 1
2 24 1
2 25 1
2 26 1
2 29 1
2 32 1
2 40 1
2 34 1
2 35 1
2 36 1
5 0 1
5 3 1
5 37 1
5 4 1
5 5 1
5 6 1
5 7 1
5 8 1
5 10 1
5 11 1
5 12 1
5 14 1
5 15 1
5 38 1
5 16 1
5 17 1
5 18 1
5 19 1
5 39 1
5 20 1
5 21 1
5 22 1
5 23 1
5 24 1
5 25 1
5 26 1
5 29 1
5 32 1
5 40 1
5 34 1
5 35 1
5 36 1
9 0 1
9 3 1
9 37 1
9 4 1
9 6 1
9 7 1
9 8 1
9 9 1
9 10 1
9 11 1
9 12 1
9 14 1
9 15 1
9 38 1
9 16 1
9 17 1
9 18 1
9 19 1
9 39 1
9 20 1
9 21 1
9 22 1
9 23 1
9 24 1
9 25 1
9 26 1
9 29 1
9 32 1
9 40 1
9 34 1
9 35 1
9 36 1
13 0 1
13 3 1
13 37 1
13 4 1
13 6 1
13 7 1
13 8 1
13 10 1
13 11 1
13 12 1
13 13 1
13 14 1
13 15 1
13 38 1
13 16 1
13 17 1
13 18 1
13 19 1
13 39 1
13 20 1
13 21 1
13 22 1
13 23 1
13 24 1
13 25 1
13 26 1
13 29 1
13 32 1
13 40 1
13 34 1
13 35 1
13 36 1
15 15 1
17 17 1
19 19 1
20 20 1
22 22 1
27 0 1
27 3 1
27 37 1
27 6 1
27 7 1
27 8 1
27 10 1
27 12 1
27 14 1
27 15 1
27 38 1
27 16 1
27 17 1
27 18 1
27 19 1
27 39 1
27 20 1
27 22 1
27 23 1
27 24 1
27 25 1
27 26 1
27 27 1
27 32 1
27 40 1
27 34 1
27 35 1
27 36 1
28 0 1
28 3 1
28 37 1
28 4 1
28 6 1
28 7 1
28 8 1
28 10 1
28 11 1
28 12 1
28 14 1
28 15 1
28 38 1
28 16 1
28 17 1
28 18 1
28 19 1
28 39 1
28 20 1
28 21 1
28 22 1
28 23 1
28 24 1
28 25 1
28 26 1
28 28 1
28 29 1
28 32 1
28 40 1
28 34 1
28 35 1
28 36 1
30 0 1
30 3 1
30 37 1
30 4 1
30 6 1
30 7 1
30 8 1
30 10 1
30 11 1
30 12 1
30 14 1
30 15 1
30 38 1
30 16 1
30 17 1
30 18 1
30 19 1
30 39 1
30 20 1
30 21 1
30 22 1
30 23 1
30 24 1
30 25 1
30 26 1
30 29 1
30 30 1
30 32 1
30 40 1
30 34 1
30 35 1
30 36 1
31 0 1
31 3 1
31 37 1
31 4 1
31 6 1
31 7 1
31 8 1
31 10 1
31 11 1
31 12 1
31 14 1
31 15 1
31 38 1
31 16 1
31 17 1
31 18 1
31 19 1
31 39 1
31 20 1
31 21 1
31 22 1
31 23 1
31 24 1
31 25 1
31 26 1
31 29 1
31 31 1
31 32 1
31 40 1
31 34 1
31 35 1
31 36 1
33 0 1
33 3 1
33 37 1
33 4 1
33 6 1
33 7 1
33 8 1
33 10 1
33 11 1
33 12 1
33 14 1
33 15 1
33 38 1
33 16 1
33 17 1
33 18 1
33 19 1
33 39 1
33 20 1
33 22 1
33 23 1
33 24 1
33 25 1
33 26 1
33 29 1
33 32 1
33 33 1
33 40 1
33 34 1
33 35 1
33 36 1
0 0 2
1 0 2
1 1 2
1 3 2
1 37 2
1 4 2
1 6 2
1 7 2
1 8 2
1 10 2
1 11 2
1 12 2
1 14 2
1 15 2
1 38 2
1 16 2
1 17 2
1 18 2
1 19 2
1 39 2
1 20 2
1 21 2
1 22 2
1 23 2
1 24 2
1 25 2
1 26 2
1 29 2
1 32 2
1 40 2
1 34 2
1 35 2
1 36 2
2 0 2
2 2 2
2 3 2
2 37 2
2 4 2
2 6 2
2 7 2
2 8 2
2 10 2
2 11 2
2 12 2
2 14 2
2 15 2
2 38 2
2 16 2
2 17 2
2 18 2
2 19 2
2 39 2
2 20 2
2 21 2
2 22 2
2 23 2
2 24 2
2 25 2
2 26 2
2 29 2
2 32 2
2 40 2
2 34 2
2 35 2
2 36 2
5 0 2
5 3 2
5 37 2
5 4 2
5 5 2
5 6 2
5 7 2
5 8 2
5 10 2
5 11 2
5 12 2
5 14 2
5 15 2
5 38 2
5 16 2
5 17 2
5 18 2
5 19 2
5 39 2
5 20 2
5 21 2
5 22 2
5 23 2
5 24 2
5 25 2
5 26 2
5 29 2
5 32 2
5 40 2
5 34 2
5 35 2
5 36 2
9 0 2
9 3 2
9 37 2
9 4 2
9 6 2
9 7 2
9 8 2
9 9 2
9 10 2
9 11 2
9 12 2
9 14 2
9 15 2
9 38 2
9 16 2
9 17 2
9 18 2
9 19 2
9 39 2
9 20 2
9 21 2
9 22 2
9 23 2
9 24 2
9 25 2
9 26 2
9 29 2
9 32 2
9 40 2
9 34 2
9 35 2
9 36 2
13 0 2
13 3 2
13 37 2
13 4 2
13 6 2
13 7 2
13 8 2
13 10 2
13 11 2
13 12 2
13 13 2
13 14 2
13 15 2
13 38 2
13 16 2
13 17 2
13 18 2
13 19 2
13 39 2
13 20 2
13 21 2
13 22 2
13 23 2
13 24 2
13 25 2
13 26 2
13 29 2
13 32 2
13 40 2
13 34 2
13 35 2
13 36 2
15 15 2
17 17 2
19 19 2
20 20 2
22 22 2
27 0 2
27 3 2
27 37 2
27 6 2
27 7 2
27 8 2
27 10 2
27 12 2
27 14 2
27 15 2
27 38 2
27 16 2
27 17 2
27 18 2
27 19 2
27 39 2
27 20 2
27 22 2
27 23 2
27 24 2
27 25 2
27 26 2
27 27 2
27 32 2
27 40 2
27 34 2
27 35 2
27 36 2
28 0 2
28 3 2
28 37 2
28 4 2
28 6 2
28 7 2
28 8 2
28 10 2
28 11 2
28 12 2
28 14 2
28 15 2
28 38 2
28 16 2
28 17 2
28 18 2
28 19 2
28 39 2
28 20 2
28 21 2
28 22 2
28 23 2
28 24 2
28 25 2
28 26 2
28 28 2
28 29 2
28 32 2
28 40 2
28 34 2
28 35 2
28 36 2
30 0 2
30 3 2
30 37 2
30 4 2
30 6 2
30 7 2
30 8 2
30 10 2
30 11 2
30 12 2
30 14 2
30 15 2
30 38 2
30 16 2
30 17 2
30 18 2
30 19 2
30 39 2
30 20 2
30 21 2
30 22 2
30 23 2
30 24 2
30 25 2
30 26 2
30 29 2
30 30 2
30 32 2
30 40 2
30 34 2
30 35 2
30 36 2
31 0 2
31 3 2
31 37 2
31 4 2
31 6 2
31 7 2
31 8 2
31 10 2
31 11 2
31 12 2
31 14 2
31 15 2
31 38 2
31 16 2
31 17 2
31 18 2
31 19 2
31 39 2
31 20 2
31 21 2
31 22 2
31 23 2
31 24 2
31 25 2
31 26 2
31 29 2
31 31 2
31 32 2
31 40 2
31 34 2
31 35 2
31 36 2
33 0 2
33 3 2
33 37 2
33 4 2
33 6 2
33 7 2
33 8 2
33 10 2
33 11 2
33 12 2
33 14 2
33 15 2
33 38 2
33 16 2
33 17 2
33 18 2
33 19 2
33 39 2
33 20 2
33 22 2
33 23 2
33 24 2
33 25 2
33 26 2
33 29 2
33 32 2
33 33 2
33 40 2
33 34 2
33 35 2
33 36 2
0 0 3
1 0 3
1 1 3
1 3 3
1 37 3
1 4 3
1 6 3
1 7 3
1 8 3
1 10 3
1 11 3
1 12 3
1 14 3
1 15 3
1 38 3
1 16 3
1 17 3
1 18 3
1 19 3
1 39 3
1 20 3
1 21 3
1 22 3
1 23 3
1 24 3
1 25 3
1 26 3
1 29 3
1 32 3
1 40 3
1 34 3
1 35 3
1 36 3
2 0 3
2 2 3
2 3 3
2 37 3
2 4 3
2 6 3
2 7 3
2 8 3
2 10 3
2 11 3
2 12 3
2 14 3
2 15 3
2 38 3
2 16 3
2 17 3
2 18 3
2 19 3
2 39 3
2 20 3
2 21 3
2 22 3
2 23 3
2 24 3
2 25 3
2 26 3
2 29 3
2 32 3
2 40 3
2 34 3
2 35 3
2 36 3
5 0 3
5 3 3
5 37 3
5 4 3
5 5 3
5 6 3
5 7 3
5 8 3
5 10 3
5 11 3
5 12 3
5 14 3
5 15 3
5 38 3
5 16 3
5 17 3
5 18 3
5 19 3
5 39 3
5 20 3
5 21 3
5 22 3
5 23 3
5 24 3
5 25 3
5 26 3
5 29 3
5 32 3
5 40 3
5 34 3
5 35 3
5 36 3
9 0 3
9 3 3
9 37 3
9 4 3
9 6 3
9 7 3
9 8 3
9 9 3
9 10 3
9 11 3
9 12 3
9 14 3
9 15 3
9 38 3
9 16 3
9 17 3
9 18 3
9 19 3
9 39 3
9 20 3
9 21 3
9 22 3
9 23 3
9 24 3
9 25 3
9 26 3
9 29 3
9 32 3
9 40 3
9 34 3
9 35 3
9 36 3
13 0 3
13 3 3
13 37 3
13 4 3
13 6 3
13 7 3
13 8 3
13 10 3
13 11 3
13 12 3
13 13 3
13 14 3
13 15 3
13 38 3
13 16 3
13 17 3
13 18 3
13 19 3
13 39 3
13 20 3
13 21 3
13 22 3
13 23 3
13 24 3
13 25 3
13 26 3
13 29 3
13 32 3
13 40 3
13 34 3
13 35 3
13 36 3
15 15 3
17 17 3
19 19 3
20 20 3
22 22 3
27 0 3
27 3 3
27 37 3
27 6 3
27 7 3
27 8 3
27 10 3
27 12 3
27 14 3
27 15 3
27 38 3
27 16 3
27 17 3
27 18 3
27 19 3
27 39 3
27 20 3
27 22 3
27 23 3
27 24 3
27 25 3
27 26 3
27 27 3
27 32 3
27 40 3
27 34 3
27 35 3
27 36 3
28 0 3
28 3 3
28 37 3
28 4 3
28 6 3
28 7 3
28 8 3
28 10 3
28 11 3
28 12 3
28 14 3
28 15 3
28 38 3
28 16 3
28 17 3
28 18 3
28 19 3
28 39 3
28 20 3
28 21 3
28 22 3
28 23 3
28 24 3
28 25 3
28 26 3
28 28 3
28 29 3
28 32 3
28 40 3
28 34 3
28 35 3
28 36 3
30 0 3
30 3 3
30 37 3
30 4 3
30 6 3
30 7 3
30 8 3
30 10 3
30 11 3
30 12 3
30 14 3
30 15 3
30 38 3
30 16 3
30 17 3
30 18 3
30 19 3
30 39 3
30 20 3
30 21 3
30 22 3
30 23 3
30 24 3
30 25 3
30 26 3
30 29 3
30 30 3
30 32 3
30 40 3
30 34 3
30 35 3
30 36 3
31 0 3
31 3 3
31 37 3
31 4 3
31 6 3
31 7 3
31 8 3
31 10 3
31 11 3
31 12 3
31 14 3
31 15 3
31 38 3
31 16 3
31 17 3
31 18 3
31 19 3
31 39 3
31 20 3
31 21 3
31 22 3
31 23 3
31 24 3
31 25 3
31 26 3
31 29 3
31 31 3
31 32 3
31 40 3
31 34 3
31 35 3
31 36 3
33 0 3
33 3 3
33 37 3
33 4 3
33 6 3
33 7 3
33 8 3
33 10 3
33 11 3
33 12 3
33 14 3
33 15 3
33 38 3
33 16 3
33 17 3
33 18 3
33 19 3
33 39 3
33 20 3
33 22 3
33 23 3
33 24 3
33 25 3
33 26 3
33 29 3
33 32 3
33 33 3
33 40 3
33 34 3
33 35 3
33 36 3
0 0 4
1 0 4
1 1 4
1 3 4
1 37 4
1 4 4
1 6 4
1 7 4
1 8 4
1 10 4
1 11 4
1 12 4
1 14 4
1 15 4
1 38 4
1 16 4
1 17 4
1 18 4
1 19 4
1 39 4
1 20 4
1 21 4
1 22 4
1 23 4
1 24 4
1 25 4
1 26 4
1 29 4
1 32 4
1 40 4
1 34 4
1 35 4
1 36 4
2 0 4
2 2 4
2 3 4
2 37 4
2 4 4
2 6 4
2 7 4
2 8 4
2 10 4
2 11 4
2 12 4
2 14 4
2 15 4
2 38 4
2 16 4
2 17 4
2 18 4
2 19 4
2 39 4
2 20 4
2 21 4
2 22 4
2 23 4
2 24 4
2 25 4
2 26 4
2 29 4
2 32 4
2 40 4
2 34 4
2 35 4
2 36 4
5 0 4
5 3 4
5 37 4
5 4 4
5 5 4
5 6 4
5 7 4
5 8 4
5 10 4
5 11 4
5 12 4
5 14 4
5 15 4
5 38 4
5 16 4
5 17 4
5 18 4
5 19 4
5 39 4
5 20 4
5 21 4
5 22 4
5 23 4
5 24 4
5 25 4
5 26 4
5 29 4
5 32 4
5 40 4
5 34 4
5 35 4
5 36 4
9 0 4
9 3 4
9 37 4
9 4 4
9 6 4
9 7 4
9 8 4
9 9 4
9 10 4
9 11 4
9 12 4
9 14 4
9 15 4
9 38 4
9 16 4
9 17 4
9 18 4
9 19 4
9 39 4
9 20 4
9 21 4
9 22 4
9 23 4
9 24 4
9 25 4
9 26 4
9 29 4
9 32 4
9 40 4
9 34 4
9 35 4
9 36 4
13 0 4
13 3 4
13 37 4
13 4 4
13 6 4
13 7 4
13 8 4
13 10 4
13 11 4
13 12 4
13 13 4
13 14 4
13 15 4
13 38 4
13 16 4
13 17 4
13 18 4
13 19 4
13 39 4
13 20 4
13 21 4
13 22 4
13 23 4
13 24 4
13 25 4
13 26 4
13 29 4
13 32 4
13 40 4
13 34 4
13 35 4
13 36 4
15 15 4
17 17 4
19 19 4
20 20 4
22 22 4
27 0 4
27 3 4
27 37 4
27 6 4
27 7 4
27 8 4
27 10 4
27 12 4
27 14 4
27 15 4
27 38 4
27 16 4
27 17 4
27 18 4
27 19 4
27 39 4
27 20 4
27 22 4
27 23 4
27 24 4
27 25 4
27 26 4
27 27 4
27 32 4
27 40 4
27 34 4
27 35 4
27 36 4
28 0 4
28 3 4
28 37 4
28 4 4
28 6 4
28 7 4
28 8 4
28 10 4
28 11 4
28 12 4
28 14 4
28 15 4
28 38 4
28 16 4
28 17 4
28 18 4
28 19 4
28 39 4
28 20 4
28 21 4
28 22 4
28 23 4
28 24 4
28 25 4
28 26 4
28 28 4
28 29 4
28 32 4
28 40 4
28 34 4
28 35 4
28 36 4
30 0 4
30 3 4
30 37 4
30 4 4
30 6 4
30 7 4
30 8 4
30 10 4
30 11 4
30 12 4
30 14 4
30 15 4
30 38 4
30 16 4
30 17 4
30 18 4
30 19 4
30 39 4
30 20 4
30 21 4
30 22 4
30 23 4
30 24 4
30 25 4
30 26 4
30 29 4
30 30 4
30 32 4
30 40 4
30 34 4
30 35 4
30 36 4
31 0 4
31 3 4
31 37 4
31 4 4
31 6 4
31 7 4
31 8 4
31 10 4
31 11 4
31 12 4
31 14 4
31 15 4
31 38 4
31 16 4
31 17 4
31 18 4
31 19 4
31 39 4
31 20 4
31 21 4
31 22 4
31 23 4
31 24 4
31 25 4
31 26 4
31 29 4
31 31 4
31 32 4
31 40 4
31 34 4
31 35 4
31 36 4
33 0 4
33 3 4
33 37 4
33 4 4
33 6 4
33 7 4
33 8 4
33 10 4
33 11 4
33 12 4
33 14 4
33 15 4
33 38 4
33 16 4
33 17 4
33 18 4
33 19 4
33 39 4
33 20 4
33 22 4
33 23 4
33 24 4
33 25 4
33 26 4
33 29 4
33 32 4
33 33 4
33 40 4
33 34 4
33 35 4
33 36 4
0 0 5
1 0 5
1 1 5
1 3 5
1 37 5
1 4 5
1 7 5
1 8 5
1 10 5
1 11 5
1 12 5
1 15 5
1 38 5
1 16 5
1 17 5
1 18 5
1 19 5
1 39 5
1 20 5
1 22 5
1 23 5
1 24 5
1 25 5
1 26 5
1 29 5
1 32 5
1 40 5
1 34 5
1 35 5
1 36 5
2 0 5
2 2 5
2 3 5
2 37 5
2 4 5
2 7 5
2 8 5
2 10 5
2 11 5
2 12 5
2 15 5
2 38 5
2 16 5
2 17 5
2 18 5
2 19 5
2 39 5
2 20 5
2 22 5
2 23 5
2 24 5
2 25 5
2 26 5
2 29 5
2 32 5
2 40 5
2 34 5
2 35 5
2 36 5
5 0 5
5 3 5
5 37 5
5 4 5
5 5 5
5 7 5
5 8 5
5 10 5
5 11 5
5 12 5
5 15 5
5 38 5
5 16 5
5 17 5
5 18 5
5 19 5
5 39 5
5 20 5
5 22 5
5 23 5
5 24 5
5 25 5
5 26 5
5 29 5
5 32 5
5 40 5
5 34 5
5 35 5
5 36 5
6 0 5
6 3 5
6 37 5
6 4 5
6 6 5
6 7 5
6 8 5
6 10 5
6 11 5
6 12 5
6 15 5
6 38 5
6 16 5
6 17 5
6 18 5
6 19 5
6 39 5
6 20 5
6 22 5
6 23 5
6 24 5
6 25 5
6 26 5
6 29 5
6 32 5
6 40 5
6 34 5
6 35 5
6 36 5
9 0 5
9 3 5
9 37 5
9 4 5
9 7 5
9 8 5
9 9 5
9 10 5
9 11 5
9 12 5
9 15 5
9 38 5
9 16 5
9 17 5
9 18 5
9 19 5
9 39 5
9 20 5
9 22 5
9 23 5
9 24 5
9 25 5
9 26 5
9 29 5
9 32 5
9 40 5
9 34 5
9 35 5
9 36 5
10 10 5
13 0 5
13 3 5
13 37 5
13 4 5
13 7 5
13 8 5
13 10 5
13 11 5
13 12 5
13 13 5
13 15 5
13 38 5
13 16 5
13 17 5
13 18 5
13 19 5
13 39 5
13 20 5
13 22 5
13 23 5
13 24 5
13 25 5
13 26 5
13 29 5
13 32 5
13 40 5
13 34 5
13 35 5
13 36 5
14 0 5
14 3 5
14 37 5
14 4 5
14 7 5
14 8 5
14 10 5
14 11 5
14 12 5
14 14 5
14 15 5
14 38 5
14 16 5
14 17 5
14 18 5
14 19 5
14 39 5
14 20 5
14 22 5
14 23 5
14 24 5
14 25 5
14 26 5
14 29 5
14 32 5
14 40 5
14 34 5
14 35 5
14 36 5
15 15 5
17 17 5
19 19 5
20 20 5
21 0 5
21 3 5
21 37 5
21 4 5
21 7 5
21 8 5
21 10 5
21 11 5
21 12 5
21 15 5
21 38 5
21 16 5
21 17 5
21 18 5
21 19 5
21 39 5
21 20 5
21 21 5
21 22 5
21 23 5
21 24 5
21 25 5
21 26 5
21 29 5
21 32 5
21 40 5
21 34 5
21 35 5
21 36 5
22 22 5
27 3 5
27 37 5
27 7 5
27 8 5
27 10 5
27 12 5
27 15 5
27 38 5
27 16 5
27 17 5
27 18 5
27 19 5
27 39 5
27 20 5
27 22 5
27 23 5
27 24 5
27 25 5
27 26 5
27 27 5
27 32 5
27 40 5
27 34 5
27 35 5
27 36 5
28 0 5
28 3 5
28 37 5
28 4 5
28 7 5
28 8 5
28 10 5
28 11 5
28 12 5
28 15 5
28 38 5
28 16 5
28 17 5
28 18 5
28 19 5
28 39 5
28 20 5
28 22 5
28 23 5
28 24 5
28 25 5
28 26 5
28 28 5
28 29 5
28 32 5
28 40 5
28 34 5
28 35 5
28 36 5
30 0 5
30 3 5
30 37 5
30 4 5
30 7 5
30 8 5
30 10 5
30 11 5
30 12 5
30 15 5
30 38 5
30 16 5
30 17 5
30 18 5
30 19 5
30 39 5
30 20 5
30 22 5
30 23 5
30 24 5
30 25 5
30 26 5
30 29 5
30 30 5
30 32 5
30 40 5
30 34 5
30 35 5
30 36 5
31 0 5
31 3 5
31 37 5
31 4 5
31 7 5
31 8 5
31 10 5
31 11 5
31 12 5
31 15 5
31 38 5
31 16 5
31 17 5
31 18 5
31 19 5
31 39 5
31 20 5
31 22 5
31 23 5
31 24 5
31 25 5
31 26 5
31 29 5
31 31 5
31 32 5
31 40 5
31 34 5
31 35 5
31 36 5
33 0 5
33 3 5
33 37 5
33 7 5
33 8 5
33 10 5
33 11 5
33 12 5
33 15 5
33 38 5
33 16 5
33 17 5
33 18 5
33 19 5
33 39 5
33 20 5
33 22 5
33 23 5
33 24 5
33 25 5
33 26 5
33 29 5
33 32 5
33 33 5
33 40 5
33 34 5
33 35 5
33 36 5
36 36 5
6 0 6
6 1 6
6 2 6
6 37 6
6 4 6
6 5 6
6 6 6
6 8 6
6 9 6
6 11 6
6 12 6
6 13 6
6 15 6
6 38 6
6 16 6
6 19 6
6 20 6
6 22 6
6 24 6
6 25 6
6 27 6
6 28 6
6 29 6
6 30 6
6 31 6
6 32 6
6 33 6
6 40 6
6 34 6
6 35 6
10 0 6
10 1 6
10 2 6
10 37 6
10 5 6
10 7 6
10 8 6
10 9 6
10 10 6
10 12 6
10 13 6
10 15 6
10 38 6
10 16 6
10 19 6
10 39 6
10 20 6
10 22 6
10 23 6
10 24 6
10 25 6
10 26 6
10 27 6
10 28 6
10 29 6
10 30 6
10 31 6
10 32 6
10 33 6
10 40 6
10 34 6
10 35 6
14 0 6
14 1 6
14 2 6
14 37 6
14 4 6
14 5 6
14 8 6
14 9 6
14 11 6
14 12 6
14 13 6
14 14 6
14 15 6
14 38 6
14 16 6
14 19 6
14 20 6
14 22 6
14 24 6
14 25 6
14 27 6
14 28 6
14 29 6
14 30 6
14 31 6
14 32 6
14 33 6
14 40 6
14 34 6
14 35 6
17 0 6
17 1 6
17 2 6
17 3 6
17 37 6
17 4 6
17 5 6
17 7 6
17 8 6
17 9 6
17 11 6
17 12 6
17 13 6
17 15 6
17 38 6
17 16 6
17 17 6
17 18 6
17 19 6
17 39 6
17 20 6
17 22 6
17 23 6
17 24 6
17 25 6
17 26 6
17 27 6
17 28 6
17 29 6
17 30 6
17 31 6
17 32 6
17 33 6
17 40 6
17 34 6
17 35 6
21 0 6
21 1 6
21 2 6
21 37 6
21 4 6
21 5 6
21 7 6
21 8 6
21 9 6
21 11 6
21 12 6
21 13 6
21 15 6
21 38 6
21 16 6
21 19 6
21 39 6
21 20 6
21 21 6
21 22 6
21 23 6
21 24 6
21 25 6
21 26 6
21 27 6
21 28 6
21 29 6
21 30 6
21 31 6
21 32 6
21 33 6
21 40 6
21 34 6
21 35 6
36 0 6
36 1 6
36 2 6
36 37 6
36 5 6
36 8 6
36 9 6
36 13 6
36 15 6
36 38 6
36 19 6
36 20 6
36 22 6
36 26 6
36 27 6
36 28 6
36 30 6
36 31 6
36 32 6
36 33 6
36 40 6
36 36 6
6 0 7
6 1 7
6 2 7
6 37 7
6 4 7
6 5 7
6 6 7
6 8 7
6 9 7
6 11 7
6 12 7
6 13 7
6 15 7
6 38 7
6 16 7
6 19 7
6 20 7
6 22 7
6 24 7
6 25 7
6 27 7
6 28 7
6 29 7
6 30 7
6 31 7
6 32 7
6 33 7
6 40 7
6 34 7
6 35 7
10 0 7
10 1 7
10 2 7
10 37 7
10 5 7
10 7 7
10 8 7
10 9 7
10 10 7
10 12 7
10 13 7
10 15 7
10 38 7
10 16 7
10 19 7
10 39 7
10 20 7
10 22 7
10 23 7
10 24 7
10 25 7
10 26 7
10 27 7
10 28 7
10 29 7
10 30 7
10 31 7
10 32 7
10 33 7
10 40 7
10 34 7
10 35 7
14 0 7
14 1 7
14 2 7
14 37 7
14 4 7
14 5 7
14 8 7
14 9 7
14 11 7
14 12 7
14 13 7
14 14 7
14 15 7
14 38 7
14 16 7
14 19 7
14 20 7
14 22 7
14 24 7
14 25 7
14 27 7
14 28 7
14 29 7
14 30 7
14 31 7
14 32 7
14 33 7
14 40 7
14 34 7
14 35 7
17 0 7
17 1 7
17 2 7
17 3 7
17 37 7
17 4 7
17 5 7
17 7 7
17 8 7
17 9 7
17 11 7
17 12 7
17 13 7
17 15 7
17 38 7
17 16 7
17 17 7
17 18 7
17 19 7
17 39 7
17 20 7
17 22 7
17 23 7
17 24 7
17 25 7
17 26 7
17 27 7
17 28 7
17 29 7
17 30 7
17 31 7
17 32 7
17 33 7
17 40 7
17 34 7
17 35 7
21 0 7
21 1 7
21 2 7
21 37 7
21 4 7
21 5 7
21 7 7
21 8 7
21 9 7
21 11 7
21 12 7
21 13 7
21 15 7
21 38 7
21 16 7
21 19 7
21 39 7
21 20 7
21 21 7
21 22 7
21 23 7
21 24 7
21 25 7
21 26 7
21 27 7
21 28 7
21 29 7
21 30 7
21 31 7
21 32 7
21 33 7
21 40 7
21 34 7
21 35 7
36 0 7
36 1 7
36 2 7
36 37 7
36 5 7
36 8 7
36 9 7
36 13 7
36 15 7
36 38 7
36 19 7
36 20 7
36 22 7
36 26 7
36 27 7
36 28 7
36 30 7
36 31 7
36 32 7
36 33 7
36 40 7
36 36 7
3 0 8
3 1 8
3 2 8
3 3 8
3 37 8
3 5 8
3 6 8
3 9 8
3 10 8
3 13 8
3 14 8
3 15 8
3 38 8
3 17 8
3 19 8
3 39 8
3 20 8
3 22 8
3 25 8
3 27 8
3 28 8
3 30 8
3 31 8
3 33 8
3 40 8
3 36 8
4 0 8
4 1 8
4 2 8
4 37 8
4 4 8
4 5 8
4 6 8
4 9 8
4 13 8
4 14 8
4 15 8
4 38 8
4 17 8
4 19 8
4 20 8
4 22 8
4 27 8
4 28 8
4 30 8
4 31 8
4 33 8
4 40 8
6 6 8
7 0 8
7 1 8
7 2 8
7 37 8
7 5 8
7 6 8
7 7 8
7 9 8
7 10 8
7 13 8
7 14 8
7 15 8
7 38 8
7 17 8
7 19 8
7 39 8
7 20 8
7 22 8
7 25 8
7 27 8
7 28 8
7 30 8
7 31 8
7 33 8
7 40 8
7 36 8
8 0 8
8 1 8
8 2 8
8 37 8
8 5 8
8 6 8
8 8 8
8 9 8
8 10 8
8 13 8
8 14 8
8 15 8
8 38 8
8 17 8
8 19 8
8 39 8
8 20 8
8 22 8
8 25 8
8 27 8
8 28 8
8 30 8
8 31 8
8 33 8
8 40 8
8 36 8
10 10 8
11 0 8
11 1 8
11 2 8
11 37 8
11 5 8
11 6 8
11 9 8
11 11 8
11 13 8
11 14 8
11 15 8
11 38 8
11 17 8
11 19 8
11 20 8
11 22 8
11 27 8
11 28 8
11 30 8
11 31 8
11 33 8
11 40 8
12 0 8
12 1 8
12 2 8
12 37 8
12 5 8
12 6 8
12 9 8
12 12 8
12 13 8
12 14 8
12 15 8
12 38 8
12 17 8
12 19 8
12 39 8
12 20 8
12 22 8
12 25 8
12 27 8
12 28 8
12 30 8
12 31 8
12 33 8
12 40 8
14 14 8
16 0 8
16 1 8
16 2 8
16 37 8
16 5 8
16 6 8
16 9 8
16 10 8
16 13 8
16 14 8
16 15 8
16 38 8
16 16 8
16 17 8
16 19 8
16 39 8
16 20 8
16 22 8
16 25 8
16 27 8
16 28 8
16 30 8
16 31 8
16 33 8
16 40 8
16 36 8
17 17 8
18 0 8
18 1 8
18 2 8
18 37 8
18 5 8
18 6 8
18 9 8
18 10 8
18 13 8
18 14 8
18 15 8
18 38 8
18 17 8
18 18 8
18 19 8
18 39 8
18 20 8
18 22 8
18 25 8
18 27 8
18 28 8
18 30 8
18 31 8
18 33 8
18 40 8
18 36 8
21 0 8
21 1 8
21 2 8
21 37 8
21 5 8
21 6 8
21 9 8
21 10 8
21 13 8
21 14 8
21 15 8
21 38 8
21 17 8
21 19 8
21 39 8
21 20 8
21 21 8
21 22 8
21 25 8
21 27 8
21 28 8
21 30 8
21 31 8
21 33 8
21 40 8
21 36 8
23 0 8
23 1 8
23 2 8
23 37 8
23 5 8
23 6 8
23 9 8
23 10 8
23 13 8
23 14 8
23 15 8
23 38 8
23 17 8
23 19 8
23 39 8
23 20 8
23 22 8
23 23 8
23 25 8
23 27 8
23 28 8
23 30 8
23 31 8
23 33 8
23 40 8
23 36 8
24 0 8
24 1 8
24 2 8
24 37 8
24 5 8
24 6 8
24 9 8
24 10 8
24 13 8
24 14 8
24 15 8
24 38 8
24 17 8
24 19 8
24 39 8
24 20 8
24 22 8
24 24 8
24 25 8
24 27 8
24 28 8
24 30 8
24 31 8
24 33 8
24 40 8
24 36 8
25 25 8
26 0 8
26 1 8
26 2 8
26 37 8
26 5 8
26 9 8
26 10 8
26 13 8
26 15 8
26 38 8
26 17 8
26 19 8
26 39 8
26 20 8
26 22 8
26 26 8
26 27 8
26 28 8
26 30 8
26 31 8
26 33 8
26 40 8
29 0 8
29 1 8
29 2 8
29 37 8
29 5 8
29 6 8
29 9 8
29 13 8
29 14 8
29 15 8
29 38 8
29 17 8
29 19 8
29 39 8
29 20 8
29 22 8
29 25 8
29 27 8
29 28 8
29 29 8
29 30 8
29 31 8
29 33 8
29 40 8
32 0 8
32 1 8
32 2 8
32 37 8
32 5 8
32 6 8
32 9 8
32 10 8
32 13 8
32 14 8
32 15 8
32 38 8
32 17 8
32 19 8
32 39 8
32 20 8
32 22 8
32 27 8
32 28 8
32 30 8
32 31 8
32 32 8
32 33 8
32 40 8
32 36 8
34 0 8
34 1 8
34 2 8
34 37 8
34 5 8
34 6 8
34 9 8
34 13 8
34 14 8
34 15 8
34 38 8
34 17 8
34 19 8
34 20 8
34 22 8
34 27 8
34 28 8
34 30 8
34 31 8
34 33 8
34 40 8
34 34 8
35 0 8
35 1 8
35 2 8
35 37 8
35 5 8
35 6 8
35 9 8
35 10 8
35 13 8
35 14 8
35 15 8
35 38 8
35 17 8
35 19 8
35 39 8
35 20 8
35 22 8
35 25 8
35 27 8
35 28 8
35 30 8
35 31 8
35 33 8
35 40 8
35 35 8
35 36 8
36 36 8
3 0 9
3 1 9
3 2 9
3 3 9
3 37 9
3 5 9
3 6 9
3 9 9
3 10 9
3 13 9
3 14 9
3 15 9
3 38 9
3 17 9
3 19 9
3 39 9
3 20 9
3 22 9
3 25 9
3 27 9
3 28 9
3 30 9
3 31 9
3 33 9
3 40 9
3 36 9
4 0 9
4 1 9
4 2 9
4 37 9
4 4 9
4 5 9
4 6 9
4 9 9
4 13 9
4 14 9
4 15 9
4 38 9
4 17 9
4 19 9
4 20 9
4 22 9
4 27 9
4 28 9
4 30 9
4 31 9
4 33 9
4 40 9
6 6 9
7 0 9
7 1 9
7 2 9
7 37 9
7 5 9
7 6 9
7 7 9
7 9 9
7 10 9
7 13 9
7 14 9
7 15 9
7 38 9
7 17 9
7 19 9
7 39 9
7 20 9
7 22 9
7 25 9
7 27 9
7 28 9
7 30 9
7 31 9
7 33 9
7 40 9
7 36 9
8 0 9
8 1 9
8 2 9
8 37 9
8 5 9
8 6 9
8 8 9
8 9 9
8 10 9
8 13 9
8 14 9
8 15 9
8 38 9
8 17 9
8 19 9
8 39 9
8 20 9
8 22 9
8 25 9
8 27 9
8 28 9
8 30 9
8 31 9
8 33 9
8 40 9
8 36 9
10 10 9
11 0 9
11 1 9
11 2 9
11 37 9
11 5 9
11 6 9
11 9 9
11 11 9
11 13 9
11 14 9
11 15 9
11 38 9
11 17 9
11 19 9
11 20 9
11 22 9
11 27 9
11 28 9
11 30 9
11 31 9
11 33 9
11 40 9
12 0 9
12 1 9
12 2 9
12 37 9
12 5 9
12 6 9
12 9 9
12 12 9
12 13 9
12 14 9
12 15 9
12 38 9
12 17 9
12 19 9
12 39 9
12 20 9
12 22 9
12 25 9
12 27 9
12 28 9
12 30 9
12 31 9
12 33 9
12 40 9
14 14 9
16 0 9
16 1 9
16 2 9
16 37 9
16 5 9
16 6 9
16 9 9
16 10 9
16 13 9
16 14 9
16 15 9
16 38 9
16 16 9
16 17 9
16 19 9
16 39 9
16 20 9
16 22 9
16 25 9
16 27 9
16 28 9
16 30 9
16 31 9
16 33 9
16 40 9
16 36 9
17 17 9
18 0 9
18 1 9
18 2 9
18 37 9
18 5 9
18 6 9
18 9 9
18 10 9
18 13 9
18 14 9
18 15 9
18 38 9
18 17 9
18 18 9
18 19 9
18 39 9
18 20 9
18 22 9
18 25 9
18 27 9
18 28 9
18 30 9
18 31 9
18 33 9
18 40 9
18 36 9
21 0 9
21 1 9
21 2 9
21 37 9
21 5 9
21 6 9
21 9 9
21 10 9
21 13 9
21 14 9
21 15 9
21 38 9
21 17 9
21 19 9
21 39 9
21 20 9
21 21 9
21 22 9
21 25 9
21 27 9
21 28 9
21 30 9
21 31 9
21 33 9
21 40 9
21 36 9
23 0 9
23 1 9
23 2 9
23 37 9
23 5 9
23 6 9
23 9 9
23 10 9
23 13 9
23 14 9
23 15 9
23 38 9
23 17 9
23 19 9
23 39 9
23 20 9
23 22 9
23 23 9
23 25 9
23 27 9
23 28 9
23 30 9
23 31 9
23 33 9
23 40 9
23 36 9
24 0 9
24 1 9
24 2 9
24 37 9
24 5 9
24 6 9
24 9 9
24 10 9
24 13 9
24 14 9
24 15 9
24 38 9
24 17 9
24 19 9
24 39 9
24 20 9
24 22 9
24 24 9
24 25 9
24 27 9
24 28 9
24 30 9
24 31 9
24 33 9
24 40 9
24 36 9
25 25 9
26 0 9
26 1 9
26 2 9
26 37 9
26 5 9
26 9 9
26 10 9
26 13 9
26 15 9
26 38 9
26 17 9
26 19 9
26 39 9
26 20 9
26 22 9
26 26 9
26 27 9
26 28 9
26 30 9
26 31 9
26 33 9
26 40 9
29 0 9
29 1 9
29 2 9
29 37 9
29 5 9
29 6 9
29 9 9
29 13 9
29 14 9
29 15 9
29 38 9
29 17 9
29 19 9
29 39 9
29 20 9
29 22 9
29 25 9
29 27 9
29 28 9
29 29 9
29 30 9
29 31 9
29 33 9
29 40 9
32 0 9
32 1 9
32 2 9
32 37 9
32 5 9
32 6 9
32 9 9
32 10 9
32 13 9
32 14 9
32 15 9
32 38 9
32 17 9
32 19 9
32 39 9
32 20 9
32 22 9
32 27 9
32 28 9
32 30 9
32 31 9
32 32 9
32 33 9
32 40 9
32 36 9
34 0 9
34 1 9
34 2 9
34 37 9
34 5 9
34 6 9
34 9 9
34 13 9
34 14 9
34 15 9
34 38 9
34 17 9
34 19 9
34 20 9
34 22 9
34 27 9
34 28 9
34 30 9
34 31 9
34 33 9
34 40 9
34 34 9
35 0 9
35 1 9
35 2 9
35 37 9
35 5 9
35 6 9
35 9 9
35 10 9
35 13 9
35 14 9
35 15 9
35 38 9
35 17 9
35 19 9
35 39 9
35 20 9
35 22 9
35 25 9
35 27 9
35 28 9
35 30 9
35 31 9
35 33 9
35 40 9
35 35 9
35 36 9
36 36 9
3 0 10
3 1 10
3 2 10
3 3 10
3 37 10
3 5 10
3 6 10
3 9 10
3 10 10
3 13 10
3 14 10
3 15 10
3 38 10
3 17 10
3 19 10
3 39 10
3 20 10
3 22 10
3 25 10
3 27 10
3 28 10
3 30 10
3 31 10
3 33 10
3 40 10
3 36 10
4 0 10
4 1 10
4 2 10
4 37 10
4 4 10
4 5 10
4 6 10
4 9 10
4 13 10
4 14 10
4 15 10
4 38 10
4 17 10
4 19 10
4 20 10
4 22 10
4 27 10
4 28 10
4 30 10
4 31 10
4 33 10
4 40 10
6 6 10
7 0 10
7 1 10
7 2 10
7 37 10
7 5 10
7 6 10
7 7 10
7 9 10
7 10 10
7 13 10
7 14 10
7 15 10
7 38 10
7 17 10
7 19 10
7 39 10
7 20 10
7 22 10
7 25 10
7 27 10
7 28 10
7 30 10
7 31 10
7 33 10
7 40 10
7 36 10
8 0 10
8 1 10
8 2 10
8 37 10
8 5 10
8 6 10
8 8 10
8 9 10
8 10 10
8 13 10
8 14 10
8 15 10
8 38 10
8 17 10
8 19 10
8 39 10
8 20 10
8 22 10
8 25 10
8 27 10
8 28 10
8 30 10
8 31 10
8 33 10
8 40 10
8 36 10
10 10 10
11 0 10
11 1 10
11 2 10
11 37 10
11 5 10
11 6 10
11 9 10
11 11 10
11 13 10
11 14 10
11 15 10
11 38 10
11 17 10
11 19 10
11 20 10
11 22 10
11 27 10
11 28 10
11 30 10
11 31 10
11 33 10
11 40 10
12 0 10
12 1 10
12 2 10
12 37 10
12 5 10
12 6 10
12 9 10
12 12 10
12 13 10
12 14 10
12 15 10
12 38 10
12 17 10
12 19 10
12 39 10
12 20 10
12 22 10
12 25 10
12 27 10
12 28 10
12 30 10
12 31 10
12 33 10
12 40 10
14 14 10
16 0 10
16 1 10
16 2 10
16 37 10
16 5 10
16 6 10
16 9 10
16 10 10
16 13 10
16 14 10
16 15 10
16 38 10
16 16 10
16 17 10
16 19 10
16 39 10
16 20 10
16 22 10
16 25 10
16 27 10
16 28 10
16 30 10
16 31 10
16 33 10
16 40 10
16 36 10
17 17 10
18 0 10
18 1 10
18 2 10
18 37 10
18 5 10
18 6 10
18 9 10
18 10 10
18 13 10
18 14 10
18 15 10
18 38 10
18 17 10
18 18 10
18 19 10
18 39 10
18 20 10
18 22 10
18 25 10
18 27 10
18 28 10
18 30 10
18 31 10
18 33 10
18 40 10
18 36 10
21 0 10
21 1 10
21 2 10
21 37 10
21 5 10
21 6 10
21 9 10
21 10 10
21 13 10
21 14 10
21 15 10
21 38 10
21 17 10
21 19 10
21 39 10
21 20 10
21 21 10
21 22 10
21 25 10
21 27 10
21 28 10
21 30 10
21 31 10
21 33 10
21 40 10
21 36 10
23 0 10
23 1 10
23 2 10
23 37 10
23 5 10
23 6 10
23 9 10
23 10 10
23 13 10
23 14 10
23 15 10
23 38 10
23 17 10
23 19 10
23 39 10
23 20 10
23 22 10
23 23 10
23 25 10
23 27 10
23 28 10
23 30 10
23 31 10
23 33 10
23 40 10
23 36 10
24 0 10
24 1 10
24 2 10
24 37 10
24 5 10
24 6 10
24 9 10
24 10 10
24 13 10
24 14 10
24 15 10
24 38 10
24 17 10
24 19 10
24 39 10
24 20 10
24 22 10
24 24 10
24 25 10
24 27 10
24 28 10
24 30 10
24 31 10
24 33 10
24 40 10
24 36 10
25 25 10
26 0 10
26 1 10
26 2 10
26 37 10
26 5 10
26 9 10
26 10 10
26 13 10
26 15 10
26 38 10
26 17 10
26 19 10
26 39 10
26 20 10
26 22 10
26 26 10
26 27 10
26 28 10
26 30 10
26 31 10
26 33 10
26 40 10
29 0 10
29 1 10
29 2 10
29 37 10
29 5 10
29 6 10
29 9 10
29 13 10
29 14 10
29 15 10
29 38 10
29 17 10
29 19 10
29 39 10
29 20 10
29 22 10
29 25 10
29 27 10
29 28 10
29 29 10
29 30 10
29 31 10
29 33 10
29 40 10
32 0 10
32 1 10
32 2 10
32 37 10
32 5 10
32 6 10
32 9 10
32 10 10
32 13 10
32 14 10
32 15 10
32 38 10
32 17 10
32 19 10
32 39 10
32 20 10
32 22 10
32 27 10
32 28 10
32 30 10
32 31 10
32 32 10
32 33 10
32 40 10
32 36 10
34 0 10
34 1 10
34 2 10
34 37 10
34 5 10
34 6 10
34 9 10
34 13 10
34 14 10
34 15 10
34 38 10
34 17 10
34 19 10
34 20 10
34 22 10
34 27 10
34 28 10
34 30 10
34 31 10
34 33 10
34 40 10
34 34 10
35 0 10
35 1 10
35 2 10
35 37 10
35 5 10
35 6 10
35 9 10
35 10 10
35 13 10
35 14 10
35 15 10
35 38 10
35 17 10
35 19 10
35 39 10
35 20 10
35 22 10
35 25 10
35 27 10
35 28 10
35 30 10
35 31 10
35 33 10
35 40 10
35 35 10
35 36 10
36 36 10
0 0 11
1 1 11
2 2 11
3 0 11
3 1 11
3 2 11
3 3 11
3 37 11
3 6 11
3 9 11
3 10 11
3 13 11
3 14 11
3 15 11
3 38 11
3 17 11
3 19 11
3 39 11
3 20 11
3 22 11
3 25 11
3 26 11
3 27 11
3 30 11
3 31 11
3 33 11
3 40 11
3 36 11
4 0 11
4 1 11
4 2 11
4 37 11
4 4 11
4 6 11
4 9 11
4 10 11
4 13 11
4 14 11
4 15 11
4 38 11
4 17 11
4 19 11
4 39 11
4 20 11
4 22 11
4 25 11
4 27 11
4 30 11
4 31 11
4 33 11
4 40 11
5 0 11
5 1 11
5 2 11
5 37 11
5 5 11
5 6 11
5 9 11
5 10 11
5 13 11
5 14 11
5 15 11
5 38 11
5 17 11
5 19 11
5 39 11
5 20 11
5 22 11
5 25 11
5 27 11
5 30 11
5 31 11
5 33 11
5 40 11
6 6 11
7 0 11
7 1 11
7 2 11
7 37 11
7 6 11
7 7 11
7 9 11
7 10 11
7 13 11
7 14 11
7 15 11
7 38 11
7 17 11
7 19 11
7 39 11
7 20 11
7 22 11
7 25 11
7 26 11
7 27 11
7 30 11
7 31 11
7 33 11
7 40 11
7 36 11
8 0 11
8 1 11
8 2 11
8 37 11
8 6 11
8 8 11
8 9 11
8 10 11
8 13 11
8 14 11
8 15 11
8 38 11
8 17 11
8 19 11
8 39 11
8 20 11
8 22 11
8 25 11
8 26 11
8 27 11
8 30 11
8 31 11
8 33 11
8 40 11
8 36 11
9 9 11
10 10 11
11 0 11
11 1 11
11 2 11
11 37 11
11 6 11
11 9 11
11 10 11
11 11 11
11 13 11
11 14 11
11 15 11
11 38 11
11 17 11
11 19 11
11 39 11
11 20 11
11 22 11
11 25 11
11 27 11
11 30 11
11 31 11
11 33 11
11 40 11
12 0 11
12 1 11
12 2 11
12 37 11
12 6 11
12 9 11
12 12 11
12 14 11
12 15 11
12 38 11
12 19 11
12 22 11
12 25 11
12 27 11
12 31 11
13 13 11
14 14 11
15 15 11
16 0 11
16 1 11
16 2 11
16 37 11
16 6 11
16 9 11
16 10 11
16 13 11
16 14 11
16 15 11
16 38 11
16 16 11
16 17 11
16 19 11
16 39 11
16 20 11
16 22 11
16 25 11
16 26 11
16 27 11
16 30 11
16 31 11
16 33 11
16 40 11
16 36 11
17 17 11
18 0 11
18 1 11
18 2 11
18 37 11
18 6 11
18 9 11
18 10 11
18 13 11
18 14 11
18 15 11
18 38 11
18 17 11
18 18 11
18 19 11
18 39 11
18 20 11
18 22 11
18 25 11
18 26 11
18 27 11
18 30 11
18 31 11
18 33 11
18 40 11
18 36 11
19 19 11
20 20 11
21 0 11
21 1 11
21 2 11
21 37 11
21 6 11
21 9 11
21 10 11
21 13 11
21 14 11
21 15 11
21 38 11
21 17 11
21 19 11
21 39 11
21 20 11
21 21 11
21 22 11
21 25 11
21 26 11
21 27 11
21 30 11
21 31 11
21 33 11
21 40 11
21 36 11
22 22 11
23 0 11
23 1 11
23 2 11
23 37 11
23 6 11
23 9 11
23 10 11
23 13 11
23 14 11
23 15 11
23 38 11
23 17 11
23 19 11
23 39 11
23 20 11
23 22 11
23 23 11
23 25 11
23 26 11
23 27 11
23 30 11
23 31 11
23 33 11
23 40 11
23 36 11
24 0 11
24 1 11
24 2 11
24 37 11
24 6 11
24 9 11
24 10 11
24 13 11
24 14 11
24 15 11
24 38 11
24 17 11
24 19 11
24 39 11
24 20 11
24 22 11
24 24 11
24 25 11
24 26 11
24 27 11
24 30 11
24 31 11
24 33 11
24 40 11
24 36 11
25 25 11
26 26 11
27 27 11
28 0 11
28 1 11
28 2 11
28 37 11
28 6 11
28 9 11
28 10 11
28 13 11
28 14 11
28 15 11
28 38 11
28 17 11
28 19 11
28 39 11
28 20 11
28 22 11
28 25 11
28 26 11
28 27 11
28 28 11
28 30 11
28 31 11
28 33 11
28 40 11
28 36 11
29 0 11
29 1 11
29 2 11
29 37 11
29 6 11
29 9 11
29 10 11
29 13 11
29 14 11
29 15 11
29 38 11
29 17 11
29 19 11
29 39 11
29 20 11
29 22 11
29 25 11
29 27 11
29 29 11
29 30 11
29 31 11
29 33 11
29 40 11
30 30 11
31 31 11
32 0 11
32 1 11
32 2 11
32 37 11
32 6 11
32 9 11
32 10 11
32 13 11
32 14 11
32 15 11
32 38 11
32 17 11
32 19 11
32 39 11
32 20 11
32 22 11
32 26 11
32 27 11
32 30 11
32 31 11
32 32 11
32 33 11
32 40 11
32 36 11
33 33 11
34 0 11
34 1 11
34 2 11
34 37 11
34 6 11
34 9 11
34 10 11
34 13 11
34 14 11
34 15 11
34 38 11
34 17 11
34 19 11
34 39 11
34 20 11
34 22 11
34 25 11
34 27 11
34 30 11
34 31 11
34 33 11
34 40 11
34 34 11
35 0 11
35 1 11
35 2 11
35 37 11
35 6 11
35 9 11
35 10 11
35 13 11
35 14 11
35 15 11
35 38 11
35 17 11
35 19 11
35 39 11
35 20 11
35 22 11
35 25 11
35 26 11
35 27 11
35 30 11
35 31 11
35 33 11
35 40 11
35 35 11
35 36 11
36 36 11
0 0 12
1 0 12
1 1 12
1 3 12
1 37 12
1 4 12
1 6 12
1 7 12
1 8 12
1 10 12
1 11 12
1 12 12
1 14 12
1 15 12
1 38 12
1 16 12
1 17 12
1 18 12
1 19 12
1 39 12
1 20 12
1 21 12
1 22 12
1 23 12
1 24 12
1 25 12
1 26 12
1 29 12
1 32 12
1 40 12
1 34 12
1 35 12
1 36 12
2 0 12
2 2 12
2 3 12
2 37 12
2 4 12
2 6 12
2 7 12
2 8 12
2 10 12
2 11 12
2 12 12
2 14 12
2 15 12
2 38 12
2 16 12
2 17 12
2 18 12
2 19 12
2 39 12
2 20 12
2 21 12
2 22 12
2 23 12
2 24 12
2 25 12
2 26 12
2 29 12
2 32 12
2 40 12
2 34 12
2 35 12
2 36 12
5 0 12
5 3 12
5 37 12
5 4 12
5 5 12
5 6 12
5 7 12
5 8 12
5 10 12
5 11 12
5 12 12
5 14 12
5 15 12
5 38 12
5 16 12
5 17 12
5 18 12
5 19 12
5 39 12
5 20 12
5 21 12
5 22 12
5 23 12
5 24 12
5 25 12
5 26 12
5 29 12
5 32 12
5 40 12
5 34 12
5 35 12
5 36 12
9 0 12
9 3 12
9 37 12
9 4 12
9 6 12
9 7 12
9 8 12
9 9 12
9 10 12
9 11 12
9 12 12
9 14 12
9 15 12
9 38 12
9 16 12
9 17 12
9 18 12
9 19 12
9 39 12
9 20 12
9 21 12
9 22 12
9 23 12
9 24 12
9 25 12
9 26 12
9 29 12
9 32 12
9 40 12
9 34 12
9 35 12
9 36 12
13 0 12
13 3 12
13 37 12
13 4 12
13 6 12
13 7 12
13 8 12
13 10 12
13 11 12
13 12 12
13 13 12
13 14 12
13 15 12
13 38 12
13 16 12
13 17 12
13 18 12
13 19 12
13 39 12
13 20 12
13 21 12
13 22 12
13 23 12
13 24 12
13 25 12
13 26 12
13 29 12
13 32 12
13 40 12
13 34 12
13 35 12
13 36 12
15 15 12
17 17 12
19 19 12
20 20 12
22 22 12
27 0 12
27 3 12
27 37 12
27 6 12
27 7 12
27 8 12
27 10 12
27 12 12
27 14 12
27 15 12
27 38 12
27 16 12
27 17 12
27 18 12
27 19 12
27 39 12
27 20 12
27 22 12
27 23 12
27 24 12
27 25 12
27 26 12
27 27 12
27 32 12
27 40 12
27 34 12
27 35 12
27 36 12
28 0 12
28 3 12
28 37 12
28 4 12
28 6 12
28 7 12
28 8 12
28 10 12
28 11 12
28 12 12
28 14 12
28 15 12
28 38 12
28 16 12
28 17 12
28 18 12
28 19 12
28 39 12
28 20 12
28 21 12
28 22 12
28 23 12
28 24 12
28 25 12
28 26 12
28 28 12
28 29 12
28 32 12
28 40 12
28 34 12
28 35 12
28 36 12
30 0 12
30 3 12
30 37 12
30 4 12
30 6 12
30 7 12
30 8 12
30 10 12
30 11 12
30 12 12
30 14 12
30 15 12
30 38 12
30 16 12
30 17 12
30 18 12
30 19 12
30 39 12
30 20 12
30 21 12
30 22 12
30 23 12
30 24 12
30 25 12
30 26 12
30 29 12
30 30 12
30 32 12
30 40 12
30 34 12
30 35 12
30 36 12
31 0 12
31 3 12
31 37 12
31 4 12
31 6 12
31 7 12
31 8 12
31 10 12
31 11 12
31 12 12
31 14 12
31 15 12
31 38 12
31 16 12
31 17 12
31 18 12
31 19 12
31 39 12
31 20 12
31 21 12
31 22 12
31 23 12
31 24 12
31 25 12
31 26 12
31 29 12
31 31 12
31 32 12
31 40 12
31 34 12
31 35 12
31 36 12
33 0 12
33 3 12
33 37 12
33 4 12
33 6 12
33 7 12
33 8 12
33 10 12
33 11 12
33 12 12
33 14 12
33 15 12
33 38 12
33 16 12
33 17 12
33 18 12
33 19 12
33 39 12
33 20 12
33 22 12
33 23 12
33 24 12
33 25 12
33 26 12
33 29 12
33 32 12
33 33 12
33 40 12
33 34 12
33 35 12
33 36 12
0 0 13
1 0 13
1 1 13
1 3 13
1 37 13
1 4 13
1 6 13
1 7 13
1 8 13
1 10 13
1 11 13
1 12 13
1 14 13
1 15 13
1 38 13
1 16 13
1 17 13
1 18 13
1 19 13
1 39 13
1 20 13
1 21 13
1 22 13
1 23 13
1 24 13
1 25 13
1 26 13
1 29 13
1 32 13
1 40 13
1 34 13
1 35 13
1 36 13
2 0 13
2 2 13
2 3 13
2 37 13
2 4 13
2 6 13
2 7 13
2 8 13
2 10 13
2 11 13
2 12 13
2 14 13
2 15 13
2 38 13
2 16 13
2 17 13
2 18 13
2 19 13
2 39 13
2 20 13
2 21 13
2 22 13
2 23 13
2 24 13
2 25 13
2 26 13
2 29 13
2 32 13
2 40 13
2 34 13
2 35 13
2 36 13
5 0 13
5 3 13
5 37 13
5 4 13
5 5 13
5 6 13
5 7 13
5 8 13
5 10 13
5 11 13
5 12 13
5 14 13
5 15 13
5 38 13
5 16 13
5 17 13
5 18 13
5 19 13
5 39 13
5 20 13
5 21 13
5 22 13
5 23 13
5 24 13
5 25 13
5 26 13
5 29 13
5 32 13
5 40 13
5 34 13
5 35 13
5 36 13
9 0 13
9 3 13
9 37 13
9 4 13
9 6 13
9 7 13
9 8 13
9 9 13
9 10 13
9 11 13
9 12 13
9 14 13
9 15 13
9 38 13
9 16 13
9 17 13
9 18 13
9 19 13
9 39 13
9 20 13
9 21 13
9 22 13
9 23 13
9 24 13
9 25 13
9 26 13
9 29 13
9 32 13
9 40 13
9 34 13
9 35 13
9 36 13
13 0 13
13 3 13
13 37 13
13 4 13
13 6 13
13 7 13
13 8 13
13 10 13
13 11 13
13 12 13
13 13 13
13 14 13
13 15 13
13 38 13
13 16 13
13 17 13
13 18 13
13 19 13
13 39 13
13 20 13
13 21 13
13 22 13
13 23 13
13 24 13
13 25 13
13 26 13
13 29 13
13 32 13
13 40 13
13 34 13
13 35 13
13 36 13
15 15 13
17 17 13
19 19 13
20 20 13
22 22 13
27 0 13
27 3 13
27 37 13
27 6 13
27 7 13
27 8 13
27 10 13
27 12 13
27 14 13
27 15 13
27 38 13
27 16 13
27 17 13
27 18 13
27 19 13
27 39 13
27 20 13
27 22 13
27 23 13
27 24 13
27 25 13
27 26 13
27 27 13
27 32 13
27 40 13
27 34 13
27 35 13
27 36 13
28 0 13
28 3 13
28 37 13
28 4 13
28 6 13
28 7 13
28 8 13
28 10 13
28 11 13
28 12 13
28 14 13
28 15 13
28 38 13
28 16 13
28 17 13
28 18 13
28 19 13
28 39 13
28 20 13
28 21 13
28 22 13
28 23 13
28 24 13
28 25 13
28 26 13
28 28 13
28 29 13
28 32 13
28 40 13
28 34 13
28 35 13
28 36 13
30 0 13
30 3 13
30 37 13
30 4 13
30 6 13
30 7 13
30 8 13
30 10 13
30 11 13
30 12 13
30 14 13
30 15 13
30 38 13
30 16 13
30 17 13
30 18 13
30 19 13
30 39 13
30 20 13
30 21 13
30 22 13
30 23 13
30 24 13
30 25 13
30 26 13
30 29 13
30 30 13
30 32 13
30 40 13
30 34 13
30 35 13
30 36 13
31 0 13
31 3 13
31 37 13
31 4 13
31 6 13
31 7 13
31 8 13
31 10 13
31 11 13
31 12 13
31 14 13
31 15 13
31 38 13
31 16 13
31 17 13
31 18 13
31 19 13
31 39 13
31 20 13
31 21 13
31 22 13
31 23 13
31 24 13
31 25 13
31 26 13
31 29 13
31 31 13
31 32 13
31 40 13
31 34 13
31 35 13
31 36 13
33 0 13
33 3 13
33 37 13
33 4 13
33 6 13
33 7 13
33 8 13
33 10 13
33 11 13
33 12 13
33 14 13
33 15 13
33 38 13
33 16 13
33 17 13
33 18 13
33 19 13
33 39 13
33 20 13
33 22 13
33 23 13
33 24 13
33 25 13
33 26 13
33 29 13
33 32 13
33 33 13
33 40 13
33 34 13
33 35 13
33 36 13
0 0 14
1 0 14
1 1 14
1 3 14
1 37 14
1 4 14
1 6 14
1 7 14
1 8 14
1 10 14
1 11 14
1 12 14
1 14 14
1 15 14
1 38 14
1 16 14
1 17 14
1 18 14
1 19 14
1 39 14
1 20 14
1 21 14
1 22 14
1 23 14
1 24 14
1 25 14
1 26 14
1 29 14
1 32 14
1 40 14
1 34 14
1 35 14
1 36 14
2 0 14
2 2 14
2 3 14
2 37 14
2 4 14
2 6 14
2 7 14
2 8 14
2 10 14
2 11 14
2 12 14
2 14 14
2 15 14
2 38 14
2 16 14
2 17 14
2 18 14
2 19 14
2 39 14
2 20 14
2 21 14
2 22 14
2 23 14
2 24 14
2 25 14
2 26 14
2 29 14
2 32 14
2 40 14
2 34 14
2 35 14
2 36 14
5 0 14
5 3 14
5 37 14
5 4 14
5 5 14
5 6 14
5 7 14
5 8 14
5 10 14
5 11 14
5 12 14
5 14 14
5 15 14
5 38 14
5 16 14
5 17 14
5 18 14
5 19 14
5 39 14
5 20 14
5 21 14
5 22 14
5 23 14
5 24 14
5 25 14
5 26 14
5 29 14
5 32 14
5 40 14
5 34 14
5 35 14
5 36 14
9 0 14
9 3 14
9 37 14
9 4 14
9 6 14
9 7 14
9 8 14
9 9 14
9 10 14
9 11 14
9 12 14
9 14 14
9 15 14
9 38 14
9 16 14
9 17 14
9 18 14
9 19 14
9 39 14
9 20 14
9 21 14
9 22 14
9 23 14
9 24 14
9 25 14
9 26 14
9 29 14
9 32 14
9 40 14
9 34 14
9 35 14
9 36 14
13 0 14
13 3 14
13 37 14
13 4 14
13 6 14
13 7 14
13 8 14
13 10 14
13 11 14
13 12 14
13 13 14
13 14 14
13 15 14
13 38 14
13 16 14
13 17 14
13 18 14
13 19 14
13 39 14
13 20 14
13 21 14
13 22 14
13 23 14
13 24 14
13 25 14
13 26 14
13 29 14
13 32 14
13 40 14
13 34 14
13 35 14
13 36 14
15 15 14
17 17 14
19 19 14
20 20 14
22 22 14
27 0 14
27 3 14
27 37 14
27 6 14
27 7 14
27 8 14
27 10 14
27 12 14
27 14 14
27 15 14
27 38 14
27 16 14
27 17 14
27 18 14
27 19 14
27 39 14
27 20 14
27 22 14
27 23 14
27 24 14
27 25 14
27 26 14
27 27 14
27 32 14
27 40 14
27 34 14
27 35 14
27 36 14
28 0 14
28 3 14
28 37 14
28 4 14
28 6 14
28 7 14
28 8 14
28 10 14
28 11 14
28 12 14
28 14 14
28 15 14
28 38 14
28 16 14
28 17 14
28 18 14
28 19 14
28 39 14
28 20 14
28 21 14
28 22 14
28 23 14
28 24 14
28 25 14
28 26 14
28 28 14
28 29 14
28 32 14
28 40 14
28 34 14
28 35 14
28 36 14
30 0 14
30 3 14
30 37 14
30 4 14
30 6 14
30 7 14
30 8 14
30 10 14
30 11 14
30 12 14
30 14 14
30 15 14
30 38 14
30 16 14
30 17 14
30 18 14
30 19 14
30 39 14
30 20 14
30 21 14
30 22 14
30 23 14
30 24 14
30 25 14
30 26 14
30 29 14
30 30 14
30 32 14
30 40 14
30 34 14
30 35 14
30 36 14
31 0 14
31 3 14
31 37 14
31 4 14
31 6 14
31 7 14
31 8 14
31 10 14
31 11 14
31 12 14
31 14 14
31 15 14
31 38 14
31 16 14
31 17 14
31 18 14
31 19 14
31 39 14
31 20 14
31 21 14
31 22 14
31 23 14
31 24 14
31 25 14
31 26 14
31 29 14
31 31 14
31 32 14
31 40 14
31 34 14
31 35 14
31 36 14
33 0 14
33 3 14
33 37 14
33 4 14
33 6 14
33 7 14
33 8 14
33 10 14
33 11 14
33 12 14
33 14 14
33 15 14
33 38 14
33 16 14
33 17 14
33 18 14
33 19 14
33 39 14
33 20 14
33 22 14
33 23 14
33 24 14
33 25 14
33 26 14
33 29 14
33 32 14
33 33 14
33 40 14
33 34 14
33 35 14
33 36 14
0 0 15
1 0 15
1 1 15
1 3 15
1 37 15
1 4 15
1 6 15
1 7 15
1 8 15
1 10 15
1 11 15
1 12 15
1 14 15
1 15 15
1 38 15
1 16 15
1 17 15
1 18 15
1 19 15
1 39 15
1 20 15
1 21 15
1 22 15
1 23 15
1 24 15
1 25 15
1 26 15
1 29 15
1 32 15
1 40 15
1 34 15
1 35 15
1 36 15
2 0 15
2 2 15
2 3 15
2 37 15
2 4 15
2 6 15
2 7 15
2 8 15
2 10 15
2 11 15
2 12 15
2 14 15
2 15 15
2 38 15
2 16 15
2 17 15
2 18 15
2 19 15
2 39 15
2 20 15
2 21 15
2 22 15
2 23 15
2 24 15
2 25 15
2 26 15
2 29 15
2 32 15
2 40 15
2 34 15
2 35 15
2 36 15
5 0 15
5 3 15
5 37 15
5 4 15
5 5 15
5 6 15
5 7 15
5 8 15
5 10 15
5 11 15
5 12 15
5 14 15
5 15 15
5 38 15
5 16 15
5 17 15
5 18 15
5 19 15
5 39 15
5 20 15
5 21 15
5 22 15
5 23 15
5 24 15
5 25 15
5 26 15
5 29 15
5 32 15
5 40 15
5 34 15
5 35 15
5 36 15
9 0 15
9 3 15
9 37 15
9 4 15
9 6 15
9 7 15
9 8 15
9 9 15
9 10 15
9 11 15
9 12 15
9 14 15
9 15 15
9 38 15
9 16 15
9 17 15
9 18 15
9 19 15
9 39 15
9 20 15
9 21 15
9 22 15
9 23 15
9 24 15
9 25 15
9 26 15
9 29 15
9 32 15
9 40 15
9 34 15
9 35 15
9 36 15
13 0 15
13 3 15
13 37 15
13 4 15
13 6 15
13 7 15
13 8 15
13 10 15
13 11 15
13 12 15
13 13 15
13 14 15
13 15 15
13 38 15
13 16 15
13 17 15
13 18 15
13 19 15
13 39 15
13 20 15
13 21 15
13 22 15
13 23 15
13 24 15
13 25 15
13 26 15
13 29 15
13 32 15
13 40 15
13 34 15
13 35 15
13 36 15
15 15 15
17 17 15
19 19 15
20 20 15
22 22 15
27 0 15
27 3 15
27 37 15
27 6 15
27 7 15
27 8 15
27 10 15
27 12 15
27 14 15
27 15 15
27 38 15
27 16 15
27 17 15
27 18 15
27 19 15
27 39 15
27 20 15
27 22 15
27 23 15
27 24 15
27 25 15
27 26 15
27 27 15
27 32 15
27 40 15
27 34 15
27 35 15
27 36 15
28 0 15
28 3 15
28 37 15
28 4 15
28 6 15
28 7 15
28 8 15
28 10 15
28 11 15
28 12 15
28 14 15
28 15 15
28 38 15
28 16 15
28 17 15
28 18 15
28 19 15
28 39 15
28 20 15
28 21 15
28 22 15
28 23 15
28 24 15
28 25 15
28 26 15
28 28 15
28 29 15
28 32 15
28 40 15
28 34 15
28 35 15
28 36 15
30 0 15
30 3 15
30 37 15
30 4 15
30 6 15
30 7 15
30 8 15
30 10 15
30 11 15
30 12 15
30 14 15
30 15 15
30 38 15
30 16 15
30 17 15
30 18 15
30 19 15
30 39 15
30 20 15
30 21 15
30 22 15
30 23 15
30 24 15
30 25 15
30 26 15
30 29 15
30 30 15
30 32 15
30 40 15
30 34 15
30 35 15
30 36 15
31 0 15
31 3 15
31 37 15
31 4 15
31 6 15
31 7 15
31 8 15
31 10 15
31 11 15
31 12 15
31 14 15
31 15 15
31 38 15
31 16 15
31 17 15
31 18 15
31 19 15
31 39 15
31 20 15
31 21 15
31 22 15
31 23 15
31 24 15
31 25 15
31 26 15
31 29 15
31 31 15
31 32 15
31 40 15
31 34 15
31 35 15
31 36 15
33 0 15
33 3 15
33 37 15
33 4 15
33 6 15
33 7 15
33 8 15
33 10 15
33 11 15
33 12 15
33 14 15
33 15 15
33 38 15
33 16 15
33 17 15
33 18 15
33 19 15
33 39 15
33 20 15
33 22 15
33 23 15
33 24 15
33 25 15
33 26 15
33 29 15
33 32 15
33 33 15
33 40 15
33 34 15
33 35 15
33 36 15
0 0 16
1 0 16
1 1 16
1 3 16
1 37 16
1 4 16
1 6 16
1 7 16
1 8 16
1 10 16
1 11 16
1 12 16
1 14 16
1 15 16
1 38 16
1 16 16
1 17 16
1 18 16
1 19 16
1 39 16
1 20 16
1 21 16
1 22 16
1 23 16
1 24 16
1 25 16
1 26 16
1 29 16
1 32 16
1 40 16
1 34 16
1 35 16
1 36 16
2 0 16
2 2 16
2 3 16
2 37 16
2 4 16
2 6 16
2 7 16
2 8 16
2 10 16
2 11 16
2 12 16
2 14 16
2 15 16
2 38 16
2 16 16
2 17 16
2 18 16
2 19 16
2 39 16
2 20 16
2 21 16
2 22 16
2 23 16
2 24 16
2 25 16
2 26 16
2 29 16
2 32 16
2 40 16
2 34 16
2 35 16
2 36 16
5 0 16
5 3 16
5 37 16
5 4 16
5 5 16
5 6 16
5 7 16
5 8 16
5 10 16
5 11 16
5 12 16
5 14 16
5 15 16
5 38 16
5 16 16
5 17 16
5 18 16
5 19 16
5 39 16
5 20 16
5 21 16
5 22 16
5 23 16
5 24 16
5 25 16
5 26 16
5 29 16
5 32 16
5 40 16
5 34 16
5 35 16
5 36 16
9 0 16
9 3 16
9 37 16
9 4 16
9 6 16
9 7 16
9 8 16
9 9 16
9 10 16
9 11 16
9 12 16
9 14 16
9 15 16
9 38 16
9 16 16
9 17 16
9 18 16
9 19 16
9 39 16
9 20 16
9 21 16
9 22 16
9 23 16
9 24 16
9 25 16
9 26 16
9 29 16
9 32 16
9 40 16
9 34 16
9 35 16
9 36 16
13 0 16
13 3 16
13 37 16
13 4 16
13 6 16
13 7 16
13 8 16
13 10 16
13 11 16
13 12 16
13 13 16
13 14 16
13 15 16
13 38 16
13 16 16
13 17 16
13 18 16
13 19 16
13 39 16
13 20 16
13 21 16
13 22 16
13 23 16
13 24 16
13 25 16
13 26 16
13 29 16
13 32 16
13 40 16
13 34 16
13 35 16
13 36 16
15 15 16
17 17 16
19 19 16
20 20 16
22 22 16
27 0 16
27 3 16
27 37 16
27 6 16
27 7 16
27 8 16
27 10 16
27 12 16
27 14 16
27 15 16
27 38 16
27 16 16
27 17 16
27 18 16
27 19 16
27 39 16
27 20 16
27 22 16
27 23 16
27 24 16
27 25 16
27 26 16
27 27 16
27 32 16
27 40 16
27 34 16
27 35 16
27 36 16
28 0 16
28 3 16
28 37 16
28 4 16
28 6 16
28 7 16
28 8 16
28 10 16
28 11 16
28 12 16
28 14 16
28 15 16
28 38 16
28 16 16
28 17 16
28 18 16
28 19 16
28 39 16
28 20 16
28 21 16
28 22 16
28 23 16
28 24 16
28 25 16
28 26 16
28 28 16
28 29 16
28 32 16
28 40 16
28 34 16
28 35 16
28 36 16
30 0 16
30 3 16
30 37 16
30 4 16
30 6 16
30 7 16
30 8 16
30 10 16
30 11 16
30 12 16
30 14 16
30 15 16
30 38 16
30 16 16
30 17 16
30 18 16
30 19 16
30 39 16
30 20 16
30 21 16
30 22 16
30 23 16
30 24 16
30 25 16
30 26 16
30 29 16
30 30 16
30 32 16
30 40 16
30 34 16
30 35 16
30 36 16
31 0 16
31 3 16
31 37 16
31 4 16
31 6 16
31 7 16
31 8 16
31 10 16
31 11 16
31 12 16
31 14 16
31 15 16
31 38 16
31 16 16
31 17 16
31 18 16
31 19 16
31 39 16
31 20 16
31 21 16
31 22 16
31 23 16
31 24 16
31 25 16
31 26 16
31 29 16
31 31 16
31 32 16
31 40 16
31 34 16
31 35 16
31 36 16
33 0 16
33 3 16
33 37 16
33 4 16
33 6 16
33 7 16
33 8 16
33 10 16
33 11 16
33 12 16
33 14 16
33 15 16
33 38 16
33 16 16
33 17 16
33 18 16
33 19 16
33 39 16
33 20 16
33 22 16
33 23 16
33 24 16
33 25 16
33 26 16
33 29 16
33 32 16
33 33 16
33 40 16
33 34 16
33 35 16
33 36 16
0 0 17
1 0 17
1 1 17
1 3 17
1 37 17
1 4 17
1 7 17
1 8 17
1 10 17
1 11 17
1 12 17
1 15 17
1 38 17
1 16 17
1 17 17
1 18 17
1 19 17
1 39 17
1 20 17
1 22 17
1 23 17
1 24 17
1 25 17
1 26 17
1 29 17
1 32 17
1 40 17
1 34 17
1 35 17
1 36 17
2 0 17
2 2 17
2 3 17
2 37 17
2 4 17
2 7 17
2 8 17
2 10 17
2 11 17
2 12 17
2 15 17
2 38 17
2 16 17
2 17 17
2 18 17
2 19 17
2 39 17
2 20 17
2 22 17
2 23 17
2 24 17
2 25 17
2 26 17
2 29 17
2 32 17
2 40 17
2 34 17
2 35 17
2 36 17
5 0 17
5 3 17
5 37 17
5 4 17
5 5 17
5 7 17
5 8 17
5 10 17
5 11 17
5 12 17
5 15 17
5 38 17
5 16 17
5 17 17
5 18 17
5 19 17
5 39 17
5 20 17
5 22 17
5 23 17
5 24 17
5 25 17
5 26 17
5 29 17
5 32 17
5 40 17
5 34 17
5 35 17
5 36 17
6 0 17
6 3 17
6 37 17
6 4 17
6 6 17
6 7 17
6 8 17
6 10 17
6 11 17
6 12 17
6 15 17
6 38 17
6 16 17
6 17 17
6 18 17
6 19 17
6 39 17
6 20 17
6 22 17
6 23 17
6 24 17
6 25 17
6 26 17
6 29 17
6 32 17
6 40 17
6 34 17
6 35 17
6 36 17
9 0 17
9 3 17
9 37 17
9 4 17
9 7 17
9 8 17
9 9 17
9 10 17
9 11 17
9 12 17
9 15 17
9 38 17
9 16 17
9 17 17
9 18 17
9 19 17
9 39 17
9 20 17
9 22 17
9 23 17
9 24 17
9 25 17
9 26 17
9 29 17
9 32 17
9 40 17
9 34 17
9 35 17
9 36 17
10 10 17
13 0 17
13 3 17
13 37 17
13 4 17
13 7 17
13 8 17
13 10 17
13 11 17
13 12 17
13 13 17
13 15 17
13 38 17
13 16 17
13 17 17
13 18 17
13 19 17
13 39 17
13 20 17
13 22 17
13 23 17
13 24 17
13 25 17
13 26 17
13 29 17
13 32 17
13 40 17
13 34 17
13 35 17
13 36 17
14 0 17
14 3 17
14 37 17
14 4 17
14 7 17
14 8 17
14 10 17
14 11 17
14 12 17
14 14 17
14 15 17
14 38 17
14 16 17
14 17 17
14 18 17
14 19 17
14 39 17
14 20 17
14 22 17
14 23 17
14 24 17
14 25 17
14 26 17
14 29 17
14 32 17
14 40 17
14 34 17
14 35 17
14 36 17
15 15 17
17 17 17
19 19 17
20 20 17
21 0 17
21 3 17
21 37 17
21 4 17
21 7 17
21 8 17
21 10 17
21 11 17
21 12 17
21 15 17
21 38 17
21 16 17
21 17 17
21 18 17
21 19 17
21 39 17
21 20 17
21 21 17
21 22 17
21 23 17
21 24 17
21 25 17
21 26 17
21 29 17
21 32 17
21 40 17
21 34 17
21 35 17
21 36 17
22 22 17
27 3 17
27 37 17
27 7 17
27 8 17
27 10 17
27 12 17
27 15 17
27 38 17
27 16 17
27 17 17
27 18 17
27 19 17
27 39 17
27 20 17
27 22 17
27 23 17
27 24 17
27 25 17
27 26 17
27 27 17
27 32 17
27 40 17
27 34 17
27 35 17
27 36 17
28 0 17
28 3 17
28 37 17
28 4 17
28 7 17
28 8 17
28 10 17
28 11 17
28 12 17
28 15 17
28 38 17
28 16 17
28 17 17
28 18 17
28 19 17
28 39 17
28 20 17
28 22 17
28 23 17
28 24 17
28 25 17
28 26 17
28 28 17
28 29 17
28 32 17
28 40 17
28 34 17
28 35 17
28 36 17
30 0 17
30 3 17
30 37 17
30 4 17
30 7 17
30 8 17
30 10 17
30 11 17
30 12 17
30 15 17
30 38 17
30 16 17
30 17 17
30 18 17
30 19 17
30 39 17
30 20 17
30 22 17
30 23 17
30 24 17
30 25 17
30 26 17
30 29 17
30 30 17
30 32 17
30 40 17
30 34 17
30 35 17
30 36 17
31 0 17
31 3 17
31 37 17
31 4 17
31 7 17
31 8 17
31 10 17
31 11 17
31 12 17
31 15 17
31 38 17
31 16 17
31 17 17
31 18 17
31 19 17
31 39 17
31 20 17
31 22 17
31 23 17
31 24 17
31 25 17
31 26 17
31 29 17
31 31 17
31 32 17
31 40 17
31 34 17
31 35 17
31 36 17
33 0 17
33 3 17
33 37 17
33 7 17
33 8 17
33 10 17
33 11 17
33 12 17
33 15 17
33 38 17
33 16 17
33 17 17
33 18 17
33 19 17
33 39 17
33 20 17
33 22 17
33 23 17
33 24 17
33 25 17
33 26 17
33 29 17
33 32 17
33 33 17
33 40 17
33 34 17
33 35 17
33 36 17
36 36 17
