1228208 1228209 3
1228208 1228209 4
1228208 1228209 5
1228208 1228209 6
1228208 1228217 3
1228208 1228217 4
1228208 1228217 5
1228208 1228217 6
1228209 1228210 1
1228209 1228210 2
1228209 1228210 11
1228209 1228210 12
1228209 1228212 1
1228209 1228212 2
1228209 1228212 3
1228209 1228212 4
1228209 1228212 5
1228209 1228212 6
1228209 1228212 7
1228209 1228212 8
1228209 1228212 9
1228209 1228212 10
1228209 1228212 11
1228209 1228212 12
1228209 1228213 1
1228209 1228213 2
1228209 1228213 3
1228209 1228213 4
1228209 1228213 5
1228209 1228213 6
1228209 1228213 7
1228209 1228213 8
1228209 1228213 9
1228209 1228213 10
1228209 1228213 11
1228209 1228213 12
1228209 1228214 1
1228209 1228214 2
1228209 1228214 3
1228209 1228214 4
1228209 1228214 5
1228209 1228214 6
1228209 1228214 7
1228209 1228214 8
1228209 1228214 9
1228209 1228214 10
1228209 1228214 11
1228209 1228214 12
1228209 1228215 1
1228209 1228215 2
1228209 1228215 3
1228209 1228215 4
1228209 1228215 5
1228209 1228215 6
1228209 1228215 7
1228209 1228215 8
1228209 1228215 9
1228209 1228215 10
1228209 1228215 11
1228209 1228215 12
1228209 1228216 1
1228209 1228216 2
1228209 1228216 3
1228209 1228216 4
1228209 1228216 5
1228209 1228216 6
1228209 1228216 7
1228209 1228216 8
1228209 1228216 9
1228209 1228216 10
1228209 1228216 11
1228209 1228216 12
1228209 1228218 1
1228209 1228218 2
1228209 1228218 11
1228209 1228218 12
1228209 1228219 1
1228209 1228219 2
1228209 1228219 3
1228209 1228219 4
1228209 1228219 5
1228209 1228219 6
1228209 1228219 7
1228209 1228219 8
1228209 1228219 9
1228209 1228219 10
1228209 1228219 11
1228209 1228219 12
1228209 1228221 1
1228209 1228221 2
1228209 1228221 11
1228209 1228221 12
1228214 1228221 1
1228214 1228221 2
1228214 1228221 3
1228214 1228221 4
1228214 1228221 5
1228214 1228221 6
1228214 1228221 7
1228214 1228221 8
1228214 1228221 9
1228214 1228221 10
1228214 1228221 11
1228214 1228221 12
1228216 1228211 1
1228216 1228211 2
1228216 1228211 3
1228216 1228211 4
1228216 1228211 5
1228216 1228211 6
1228216 1228211 7
1228216 1228211 8
1228216 1228211 9
1228216 1228211 10
1228216 1228211 11
1228216 1228211 12
1228217 1228213 1
1228217 1228213 2
1228217 1228213 3
1228217 1228213 4
1228217 1228213 5
1228217 1228213 6
1228217 1228213 7
1228217 1228213 8
1228217 1228213 9
1228217 1228213 10
1228217 1228213 11
1228217 1228213 12
1228219 1228209 1
1228219 1228209 2
1228219 1228209 3
1228219 1228209 4
1228219 1228209 5
1228219 1228209 6
1228219 1228209 7
1228219 1228209 8
1228219 1228209 9
1228219 1228209 10
1228219 1228209 11
1228219 1228209 12
1228219 1228210 1
1228219 1228210 2
1228219 1228210 3
1228219 1228210 4
1228219 1228210 5
1228219 1228210 6
1228219 1228210 7
1228219 1228210 8
1228219 1228210 9
1228219 1228210 10
1228219 1228210 11
1228219 1228210 12
1228219 1228212 1
1228219 1228212 2
1228219 1228212 3
1228219 1228212 4
1228219 1228212 5
1228219 1228212 6
1228219 1228212 7
1228219 1228212 8
1228219 1228212 9
1228219 1228212 10
1228219 1228212 11
1228219 1228212 12
1228219 1228214 1
1228219 1228214 2
1228219 1228214 3
1228219 1228214 4
1228219 1228214 5
1228219 1228214 6
1228219 1228214 7
1228219 1228214 8
1228219 1228214 9
1228219 1228214 10
1228219 1228214 11
1228219 1228214 12
1228219 1228215 1
1228219 1228215 2
1228219 1228215 3
1228219 1228215 4
1228219 1228215 5
1228219 1228215 6
1228219 1228215 7
1228219 1228215 8
1228219 1228215 9
1228219 1228215 10
1228219 1228215 11
1228219 1228215 12
1228219 1228216 1
1228219 1228216 2
1228219 1228216 3
1228219 1228216 4
1228219 1228216 5
1228219 1228216 6
1228219 1228216 7
1228219 1228216 8
1228219 1228216 9
1228219 1228216 10
1228219 1228216 11
1228219 1228216 12
1228219 1228218 1
1228219 1228218 2
1228219 1228218 3
1228219 1228218 4
1228219 1228218 5
1228219 1228218 6
1228219 1228218 7
1228219 1228218 8
1228219 1228218 9
1228219 1228218 10
1228219 1228218 11
1228219 1228218 12
1228220 1228209 1
1228220 1228209 2
1228220 1228209 3
1228220 1228209 4
1228220 1228209 5
1228220 1228209 6
1228220 1228209 7
1228220 1228209 8
1228220 1228209 9
1228220 1228209 10
1228220 1228209 11
1228220 1228209 12
1228220 1228210 1
1228220 1228210 2
1228220 1228210 3
1228220 1228210 4
1228220 1228210 5
1228220 1228210 6
1228220 1228210 7
1228220 1228210 8
1228220 1228210 9
1228220 1228210 10
1228220 1228210 11
1228220 1228210 12
1228220 1228212 1
1228220 1228212 2
1228220 1228212 3
1228220 1228212 4
1228220 1228212 5
1228220 1228212 6
1228220 1228212 7
1228220 1228212 8
1228220 1228212 9
1228220 1228212 10
1228220 1228212 11
1228220 1228212 12
1228220 1228214 1
1228220 1228214 2
1228220 1228214 3
1228220 1228214 4
1228220 1228214 5
1228220 1228214 6
1228220 1228214 7
1228220 1228214 8
1228220 1228214 9
1228220 1228214 10
1228220 1228214 11
1228220 1228214 12
1228220 1228215 1
1228220 1228215 2
1228220 1228215 3
1228220 1228215 4
1228220 1228215 5
1228220 1228215 6
1228220 1228215 7
1228220 1228215 8
1228220 1228215 9
1228220 1228215 10
1228220 1228215 11
1228220 1228215 12
1228220 1228216 1
1228220 1228216 2
1228220 1228216 3
1228220 1228216 4
1228220 1228216 5
1228220 1228216 6
1228220 1228216 7
1228220 1228216 8
1228220 1228216 9
1228220 1228216 10
1228220 1228216 11
1228220 1228216 12
1228220 1228217 1
1228220 1228217 2
1228220 1228217 3
1228220 1228217 4
1228220 1228217 5
1228220 1228217 6
1228220 1228217 7
1228220 1228217 8
1228220 1228217 9
1228220 1228217 10
1228220 1228217 11
1228220 1228217 12
1228220 1228218 1
1228220 1228218 2
1228220 1228218 3
1228220 1228218 4
1228220 1228218 5
1228220 1228218 6
1228220 1228218 7
1228220 1228218 8
1228220 1228218 9
1228220 1228218 10
1228220 1228218 11
1228220 1228218 12
1228220 1228219 1
1228220 1228219 2
1228220 1228219 3
1228220 1228219 4
1228220 1228219 5
1228220 1228219 6
1228220 1228219 7
1228220 1228219 8
1228220 1228219 9
1228220 1228219 10
1228220 1228219 11
1228220 1228219 12
1228220 1228221 1
1228220 1228221 2
1228220 1228221 3
1228220 1228221 4
1228220 1228221 5
1228220 1228221 6
1228220 1228221 7
1228220 1228221 8
1228220 1228221 9
1228220 1228221 10
1228220 1228221 11
1228220 1228221 12
1228208 1228209 15
1228208 1228209 16
1228208 1228209 17
1228208 1228217 15
1228208 1228217 16
1228208 1228217 17
1228209 1228210 13
1228209 1228210 14
1228209 1228212 13
1228209 1228212 14
1228209 1228212 15
1228209 1228212 16
1228209 1228212 17
1228209 1228213 13
1228209 1228213 14
1228209 1228213 15
1228209 1228213 16
1228209 1228213 17
1228209 1228214 13
1228209 1228214 14
1228209 1228214 15
1228209 1228214 16
1228209 1228214 17
1228209 1228215 13
1228209 1228215 14
1228209 1228215 15
1228209 1228215 16
1228209 1228215 17
1228209 1228216 13
1228209 1228216 14
1228209 1228216 15
1228209 1228216 16
1228209 1228216 17
1228209 1228218 13
1228209 1228218 14
1228209 1228219 13
1228209 1228219 14
1228209 1228219 15
1228209 1228219 16
1228209 1228219 17
1228209 1228221 13
1228209 1228221 14
1228214 1228221 13
1228214 1228221 14
1228214 1228221 15
1228214 1228221 16
1228214 1228221 17
1228216 1228211 13
1228216 1228211 14
1228216 1228211 15
1228216 1228211 16
1228216 1228211 17
1228217 1228213 13
1228217 1228213 14
1228217 1228213 15
1228217 1228213 16
1228217 1228213 17
1228219 1228209 13
1228219 1228209 14
1228219 1228209 15
1228219 1228209 16
1228219 1228209 17
1228219 1228210 13
1228219 1228210 14
1228219 1228210 15
1228219 1228210 16
1228219 1228210 17
1228219 1228212 13
1228219 1228212 14
1228219 1228212 15
1228219 1228212 16
1228219 1228212 17
1228219 1228214 13
1228219 1228214 14
1228219 1228214 15
1228219 1228214 16
1228219 1228214 17
1228219 1228215 13
1228219 1228215 14
1228219 1228215 15
1228219 1228215 16
1228219 1228215 17
1228219 1228216 13
1228219 1228216 14
1228219 1228216 15
1228219 1228216 16
1228219 1228216 17
1228219 1228218 13
1228219 1228218 14
1228219 1228218 15
1228219 1228218 16
1228219 1228218 17
1228220 1228209 13
1228220 1228209 14
1228220 1228209 15
1228220 1228209 16
1228220 1228209 17
1228220 1228210 13
1228220 1228210 14
1228220 1228210 15
1228220 1228210 16
1228220 1228210 17
1228220 1228212 13
1228220 1228212 14
1228220 1228212 15
1228220 1228212 16
1228220 1228212 17
1228220 1228214 13
1228220 1228214 14
1228220 1228214 15
1228220 1228214 16
1228220 1228214 17
1228220 1228215 13
1228220 1228215 14
1228220 1228215 15
1228220 1228215 16
1228220 1228215 17
1228220 1228216 13
1228220 1228216 14
1228220 1228216 15
1228220 1228216 16
1228220 1228216 17
1228220 1228217 13
1228220 1228217 14
1228220 1228217 15
1228220 1228217 16
1228220 1228217 17
1228220 1228218 13
1228220 1228218 14
1228220 1228218 15
1228220 1228218 16
1228220 1228218 17
1228220 1228219 13
1228220 1228219 14
1228220 1228219 15
1228220 1228219 16
1228220 1228219 17
1228220 1228221 13
1228220 1228221 14
1228220 1228221 15
1228220 1228221 16
1228220 1228221 17
