motif,time,count,delta
0,1,0,1
0,2,0,1
0,3,0,1
0,4,0,1
0,5,0,1
0,6,0,1
0,7,0,1
0,8,0,1
0,9,0,1
0,10,0,1
0,11,0,1
0,12,0,1
1,1,0,1
1,2,0,1
1,3,0,1
1,4,0,1
1,5,0,1
1,6,0,1
1,7,0,1
1,8,0,1
1,9,0,1
1,10,0,1
1,11,0,1
1,12,0,1
2,1,1111,1
2,2,1111,1
2,3,1111,1
2,4,1054,1
2,5,5,1
2,6,306,1
2,7,31,1
2,8,1436,1
2,9,1436,1
2,10,1192,1
2,11,25,1
2,12,1111,1
3,1,0,1
3,2,0,1
3,3,0,1
3,4,0,1
3,5,31,1
3,6,0,1
3,7,21,1
3,8,0,1
3,9,0,1
3,10,0,1
3,11,132,1
3,12,0,1
4,1,0,1
4,2,0,1
4,3,0,1
4,4,3,1
4,5,74,1
4,6,0,1
4,7,44,1
4,8,0,1
4,9,0,1
4,10,95,1
4,11,214,1
4,12,0,1
5,1,0,1
5,2,0,1
5,3,0,1
5,4,4,1
5,5,6,1
5,6,0,1
5,7,5,1
5,8,0,1
5,9,0,1
5,10,60,1
5,11,2,1
5,12,0,1
6,1,0,1
6,2,0,1
6,3,0,1
6,4,0,1
6,5,58,1
6,6,0,1
6,7,0,1
6,8,0,1
6,9,0,1
6,10,0,1
6,11,82,1
6,12,0,1
7,1,315,1
7,2,315,1
7,3,315,1
7,4,287,1
7,5,7,1
7,6,41,1
7,7,15,1
7,8,855,1
7,9,855,1
7,10,575,1
7,11,57,1
7,12,315,1
8,1,0,1
8,2,0,1
8,3,0,1
8,4,0,1
8,5,0,1
8,6,0,1
8,7,0,1
8,8,0,1
8,9,0,1
8,10,0,1
8,11,0,1
8,12,0,1
9,1,0,1
9,2,0,1
9,3,0,1
9,4,0,1
9,5,0,1
9,6,0,1
9,7,0,1
9,8,0,1
9,9,0,1
9,10,0,1
9,11,0,1
9,12,0,1
10,1,0,1
10,2,0,1
10,3,0,1
10,4,0,1
10,5,0,1
10,6,0,1
10,7,0,1
10,8,0,1
10,9,0,1
10,10,0,1
10,11,0,1
10,12,0,1
11,1,0,1
11,2,0,1
11,3,0,1
11,4,0,1
11,5,0,1
11,6,0,1
11,7,0,1
11,8,0,1
11,9,0,1
11,10,0,1
11,11,0,1
11,12,0,1
12,1,0,1
12,2,0,1
12,3,0,1
12,4,0,1
12,5,85,1
12,6,0,1
12,7,27,1
12,8,0,1
12,9,0,1
12,10,0,1
12,11,79,1
12,12,0,1
13,1,0,1
13,2,0,1
13,3,0,1
13,4,0,1
13,5,0,1
13,6,0,1
13,7,0,1
13,8,0,1
13,9,0,1
13,10,0,1
13,11,0,1
13,12,0,1
14,1,2222,1
14,2,2222,1
14,3,2222,1
14,4,1801,1
14,5,25,1
14,6,612,1
14,7,58,1
14,8,2872,1
14,9,2872,1
14,10,2229,1
14,11,126,1
14,12,2222,1
15,1,0,1
15,2,0,1
15,3,0,1
15,4,0,1
15,5,73,1
15,6,0,1
15,7,47,1
15,8,0,1
15,9,0,1
15,10,0,1
15,11,116,1
15,12,0,1
16,1,0,1
16,2,0,1
16,3,0,1
16,4,2,1
16,5,25,1
16,6,0,1
16,7,25,1
16,8,0,1
16,9,0,1
16,10,79,1
16,11,105,1
16,12,0,1
17,1,0,1
17,2,0,1
17,3,0,1
17,4,0,1
17,5,7,1
17,6,0,1
17,7,0,1
17,8,0,1
17,9,0,1
17,10,3,1
17,11,49,1
17,12,0,1
18,1,0,1
18,2,0,1
18,3,0,1
18,4,0,1
18,5,46,1
18,6,0,1
18,7,0,1
18,8,0,1
18,9,0,1
18,10,0,1
18,11,62,1
18,12,0,1
19,1,630,1
19,2,630,1
19,3,630,1
19,4,606,1
19,5,4,1
19,6,82,1
19,7,51,1
19,8,1710,1
19,9,1710,1
19,10,1221,1
19,11,72,1
19,12,630,1
20,1,0,1
20,2,0,1
20,3,0,1
20,4,0,1
20,5,0,1
20,6,0,1
20,7,0,1
20,8,0,1
20,9,0,1
20,10,0,1
20,11,0,1
20,12,0,1
21,1,0,1
21,2,0,1
21,3,0,1
21,4,0,1
21,5,7,1
21,6,0,1
21,7,7,1
21,8,0,1
21,9,0,1
21,10,0,1
21,11,36,1
21,12,0,1
22,1,0,1
22,2,0,1
22,3,0,1
22,4,0,1
22,5,38,1
22,6,0,1
22,7,90,1
22,8,0,1
22,9,0,1
22,10,0,1
22,11,116,1
22,12,0,1
23,1,0,1
23,2,0,1
23,3,0,1
23,4,0,1
23,5,79,1
23,6,0,1
23,7,38,1
23,8,0,1
23,9,0,1
23,10,3,1
23,11,201,1
23,12,0,1
24,1,0,1
24,2,0,1
24,3,0,1
24,4,0,1
24,5,106,1
24,6,0,1
24,7,33,1
24,8,0,1
24,9,0,1
24,10,0,1
24,11,164,1
24,12,0,1
25,1,0,1
25,2,0,1
25,3,0,1
25,4,0,1
25,5,0,1
25,6,0,1
25,7,0,1
25,8,0,1
25,9,0,1
25,10,0,1
25,11,0,1
25,12,0,1
26,1,1111,1
26,2,1111,1
26,3,1111,1
26,4,890,1
26,5,6,1
26,6,306,1
26,7,23,1
26,8,1436,1
26,9,1436,1
26,10,1098,1
26,11,116,1
26,12,1111,1
27,1,0,1
27,2,0,1
27,3,0,1
27,4,0,1
27,5,0,1
27,6,0,1
27,7,0,1
27,8,0,1
27,9,0,1
27,10,0,1
27,11,0,1
27,12,0,1
28,1,0,1
28,2,0,1
28,3,0,1
28,4,0,1
28,5,0,1
28,6,0,1
28,7,0,1
28,8,0,1
28,9,0,1
28,10,0,1
28,11,0,1
28,12,0,1
29,1,0,1
29,2,0,1
29,3,0,1
29,4,0,1
29,5,0,1
29,6,0,1
29,7,0,1
29,8,0,1
29,9,0,1
29,10,0,1
29,11,0,1
29,12,0,1
30,1,0,1
30,2,0,1
30,3,0,1
30,4,0,1
30,5,0,1
30,6,0,1
30,7,0,1
30,8,0,1
30,9,0,1
30,10,0,1
30,11,0,1
30,12,0,1
31,1,315,1
31,2,315,1
31,3,315,1
31,4,306,1
31,5,0,1
31,6,41,1
31,7,32,1
31,8,855,1
31,9,855,1
31,10,599,1
31,11,8,1
31,12,315,1
32,1,0,1
32,2,0,1
32,3,0,1
32,4,0,1
32,5,0,1
32,6,0,1
32,7,0,1
32,8,0,1
32,9,0,1
32,10,0,1
32,11,0,1
32,12,0,1
33,1,0,1
33,2,0,1
33,3,0,1
33,4,0,1
33,5,5,1
33,6,0,1
33,7,7,1
33,8,0,1
33,9,0,1
33,10,0,1
33,11,36,1
33,12,0,1
34,1,0,1
34,2,0,1
34,3,0,1
34,4,0,1
34,5,0,1
34,6,0,1
34,7,0,1
34,8,0,1
34,9,0,1
34,10,0,1
34,11,0,1
34,12,0,1
35,1,0,1
35,2,0,1
35,3,0,1
35,4,0,1
35,5,0,1
35,6,0,1
35,7,0,1
35,8,0,1
35,9,0,1
35,10,0,1
35,11,0,1
35,12,0,1
