motif,time,count,delta
0,1,6262,12
0,2,9393,12
0,3,12524,12
0,4,15655,12
0,5,16844,12
0,6,1558,12
0,7,3096,12
0,8,3514,12
0,9,7028,12
0,10,10542,12
0,11,11116,12
0,12,3131,12
1,1,6513,12
1,2,6513,12
1,3,6513,12
1,4,6513,12
1,5,5914,12
1,6,4920,12
1,7,4920,12
1,8,8938,12
1,9,8938,12
1,10,8938,12
1,11,8357,12
1,12,6513,12
2,1,40087,12
2,2,40087,12
2,3,40087,12
2,4,40087,12
2,5,36585,12
2,6,2259,12
2,7,2259,12
2,8,21630,12
2,9,21630,12
2,10,21630,12
2,11,23641,12
2,12,40087,12
3,1,13431,12
3,2,10300,12
3,3,7169,12
3,4,4038,12
3,5,977,12
3,6,2192,12
3,7,654,12
3,8,10417,12
3,9,6903,12
3,10,3389,12
3,11,3036,12
3,12,16562,12
4,1,6089,12
4,2,4776,12
4,3,3463,12
4,4,2150,12
4,5,1160,12
4,6,1742,12
4,7,883,12
4,8,11566,12
4,9,8413,12
4,10,5260,12
4,11,1763,12
4,12,7402,12
5,1,3042,12
5,2,4355,12
5,3,5668,12
5,4,6981,12
5,5,8002,12
5,6,1076,12
5,7,1935,12
5,8,3601,12
5,9,6754,12
5,10,9907,12
5,11,7905,12
5,12,1729,12
6,1,3283,12
6,2,2580,12
6,3,1877,12
6,4,1174,12
6,5,533,12
6,6,2283,12
6,7,2146,12
6,8,8707,12
6,9,5968,12
6,10,3229,12
6,11,1616,12
6,12,3986,12
7,1,14541,12
7,2,14541,12
7,3,14541,12
7,4,14541,12
7,5,15016,12
7,6,4930,12
7,7,4930,12
7,8,21296,12
7,9,21296,12
7,10,21296,12
7,11,20623,12
7,12,14541,12
8,1,3463,12
8,2,3463,12
8,3,3463,12
8,4,3463,12
8,5,3753,12
8,6,4667,12
8,7,4667,12
8,8,20352,12
8,9,20352,12
8,10,20352,12
8,11,8863,12
8,12,3463,12
9,1,1682,12
9,2,2385,12
9,3,3088,12
9,4,3791,12
9,5,4788,12
9,6,666,12
9,7,803,12
9,8,4511,12
9,9,7250,12
9,10,9989,12
9,11,5156,12
9,12,979,12
10,1,260,12
10,2,260,12
10,3,260,12
10,4,260,12
10,5,250,12
10,6,775,12
10,7,775,12
10,8,346,12
10,9,346,12
10,10,346,12
10,11,512,12
10,12,260,12
11,1,289,12
11,2,289,12
11,3,289,12
11,4,289,12
11,5,330,12
11,6,770,12
11,7,770,12
11,8,454,12
11,9,454,12
11,10,454,12
11,11,423,12
11,12,289,12
12,1,3838,12
12,2,3838,12
12,3,3838,12
12,4,3838,12
12,5,3899,12
12,6,3634,12
12,7,3634,12
12,8,14824,12
12,9,14824,12
12,10,14824,12
12,11,4239,12
12,12,3838,12
13,1,5738,12
13,2,8607,12
13,3,11476,12
13,4,14345,12
13,5,16629,12
13,6,2096,12
13,7,4116,12
13,8,9251,12
13,9,17728,12
13,10,26205,12
13,11,15335,12
13,12,2869,12
14,1,46621,12
14,2,46730,12
14,3,46839,12
14,4,46948,12
14,5,43519,12
14,6,2961,12
14,7,3047,12
14,8,27442,12
14,9,27812,12
14,10,28182,12
14,11,30487,12
14,12,46512,12
15,1,14206,12
15,2,11075,12
15,3,7944,12
15,4,4813,12
15,5,1750,12
15,6,2422,12
15,7,884,12
15,8,11987,12
15,9,8473,12
15,10,4959,12
15,11,771,12
15,12,17337,12
16,1,5660,12
16,2,4369,12
16,3,3078,12
16,4,1787,12
16,5,1338,12
16,6,1632,12
16,7,786,12
16,8,9367,12
16,9,6249,12
16,10,3131,12
16,11,3944,12
16,12,6951,12
17,1,2710,12
17,2,4001,12
17,3,5292,12
17,4,6583,12
17,5,7302,12
17,6,954,12
17,7,1800,12
17,8,3408,12
17,9,6526,12
17,10,9644,12
17,11,12416,12
17,12,1419,12
18,1,3378,12
18,2,2675,12
18,3,1972,12
18,4,1269,12
18,5,531,12
18,6,3397,12
18,7,3260,12
18,8,8308,12
18,9,5569,12
18,10,2830,12
18,11,818,12
18,12,4081,12
19,1,18533,12
19,2,21011,12
19,3,23489,12
19,4,25967,12
19,5,26877,12
19,6,3555,12
19,7,6018,12
19,8,20012,12
19,9,23947,12
19,10,27882,12
19,11,28384,12
19,12,16055,12
20,1,10884,12
20,2,16140,12
20,3,21396,12
20,4,26652,12
20,5,28034,12
20,6,2411,12
20,7,4796,12
20,8,3769,12
20,9,7538,12
20,10,11307,12
20,11,12671,12
20,12,5628,12
21,1,3417,12
21,2,3417,12
21,3,3417,12
21,4,3417,12
21,5,3302,12
21,6,3584,12
21,7,3584,12
21,8,2769,12
21,9,2769,12
21,10,2769,12
21,11,1520,12
21,12,3417,12
22,1,3957,12
22,2,3979,12
22,3,4001,12
22,4,4023,12
22,5,3915,12
22,6,3286,12
22,7,3299,12
22,8,4793,12
22,9,4828,12
22,10,4863,12
22,11,6432,12
22,12,3935,12
23,1,3721,12
23,2,3699,12
23,3,3677,12
23,4,3655,12
23,5,3394,12
23,6,3155,12
23,7,3142,12
23,8,5791,12
23,9,5756,12
23,10,5721,12
23,11,6187,12
23,12,3743,12
24,1,4638,12
24,2,4638,12
24,3,4638,12
24,4,4638,12
24,5,4742,12
24,6,4396,12
24,7,4396,12
24,8,15064,12
24,9,15064,12
24,10,15064,12
24,11,4705,12
24,12,4638,12
25,1,11320,12
25,2,8451,12
25,3,5582,12
25,4,2713,12
25,5,152,12
25,6,3250,12
25,7,1230,12
25,8,20678,12
25,9,12201,12
25,10,3724,12
25,11,0,12
25,12,14189,12
26,1,40186,12
26,2,40077,12
26,3,39968,12
26,4,39859,12
26,5,35590,12
26,6,2326,12
26,7,2240,12
26,8,22307,12
26,9,21937,12
26,10,21567,12
26,11,22771,12
26,12,40295,12
27,1,6633,12
27,2,9764,12
27,3,12895,12
27,4,16026,12
27,5,17337,12
27,6,1572,12
27,7,3110,12
27,8,3514,12
27,9,7028,12
27,10,10542,12
27,11,6604,12
27,12,3502,12
28,1,1999,12
28,2,1999,12
28,3,1999,12
28,4,1999,12
28,5,1866,12
28,6,147,12
28,7,147,12
28,8,1076,12
28,9,1076,12
28,10,1076,12
28,11,1110,12
28,12,1999,12
29,1,211,12
29,2,211,12
29,3,211,12
29,4,211,12
29,5,208,12
29,6,234,12
29,7,234,12
29,8,671,12
29,9,671,12
29,10,671,12
29,11,301,12
29,12,211,12
30,1,1992,12
30,2,2695,12
30,3,3398,12
30,4,4101,12
30,5,4544,12
30,6,545,12
30,7,682,12
30,8,3997,12
30,9,6736,12
30,10,9475,12
30,11,4593,12
30,12,1289,12
31,1,20952,12
31,2,18474,12
31,3,15996,12
31,4,13518,12
31,5,11329,12
31,6,3631,12
31,7,1168,12
31,8,23771,12
31,9,19836,12
31,10,15901,12
31,11,13785,12
31,12,23430,12
32,1,20346,12
32,2,15090,12
32,3,9834,12
32,4,4578,12
32,5,52,12
32,6,2385,12
32,7,0,12
32,8,10503,12
32,9,6734,12
32,10,2965,12
32,11,2232,12
32,12,25602,12
33,1,3809,12
33,2,3809,12
33,3,3809,12
33,4,3809,12
33,5,3237,12
33,6,2811,12
33,7,2811,12
33,8,2899,12
33,9,2899,12
33,10,2899,12
33,11,1487,12
33,12,3809,12
34,1,374,12
34,2,561,12
34,3,748,12
34,4,935,12
34,5,1016,12
34,6,110,12
34,7,216,12
34,8,278,12
34,9,556,12
34,10,834,12
34,11,516,12
34,12,187,12
35,1,729,12
35,2,542,12
35,3,355,12
35,4,168,12
35,5,8,12
35,6,106,12
35,7,0,12
35,8,685,12
35,9,407,12
35,10,129,12
35,11,0,12
35,12,916,12
