motif,time,count,delta
0,1,0,5
0,2,0,5
0,3,0,5
0,4,0,5
0,5,0,5
0,6,0,5
0,7,0,5
0,8,0,5
0,9,0,5
0,10,0,5
0,11,0,5
0,12,0,5
1,1,0,5
1,2,285,5
1,3,413,5
1,4,1902,5
1,5,4279,5
1,6,930,5
1,7,930,5
1,8,592,5
1,9,1776,5
1,10,3552,5
1,11,5210,5
1,12,0,5
2,1,16945,5
2,2,9426,5
2,3,4129,5
2,4,1054,5
2,5,557,5
2,6,1008,5
2,7,468,5
2,8,11576,5
2,9,4948,5
2,10,1192,5
2,11,2865,5
2,12,26646,5
3,1,821,5
3,2,1214,5
3,3,2724,5
3,4,2594,5
3,5,848,5
3,6,356,5
3,7,181,5
3,8,3316,5
3,9,3285,5
3,10,2128,5
3,11,660,5
3,12,0,5
4,1,581,5
4,2,901,5
4,3,1343,5
4,4,1253,5
4,5,863,5
4,6,520,5
4,7,351,5
4,8,3839,5
4,9,4057,5
4,10,3339,5
4,11,1290,5
4,12,23,5
5,1,4,5
5,2,4,5
5,3,4,5
5,4,4,5
5,5,139,5
5,6,61,5
5,7,61,5
5,8,60,5
5,9,60,5
5,10,60,5
5,11,230,5
5,12,4,5
6,1,453,5
6,2,698,5
6,3,880,5
6,4,780,5
6,5,458,5
6,6,0,5
6,7,362,5
6,8,2632,5
6,9,2586,5
6,10,1632,5
6,11,410,5
6,12,0,5
7,1,4858,5
7,2,2874,5
7,3,1386,5
7,4,1044,5
7,5,1814,5
7,6,2274,5
7,7,2202,5
7,8,7145,5
7,9,4515,5
7,10,4111,5
7,11,6145,5
7,12,7587,5
8,1,3,5
8,2,289,5
8,3,289,5
8,4,881,5
8,5,2214,5
8,6,423,5
8,7,447,5
8,8,1577,5
8,9,4407,5
8,10,8598,5
8,11,6030,5
8,12,0,5
9,1,0,5
9,2,0,5
9,3,69,5
9,4,138,5
9,5,216,5
9,6,0,5
9,7,88,5
9,8,0,5
9,9,0,5
9,10,0,5
9,11,0,5
9,12,0,5
10,1,0,5
10,2,0,5
10,3,58,5
10,4,116,5
10,5,168,5
10,6,0,5
10,7,130,5
10,8,0,5
10,9,0,5
10,10,0,5
10,11,0,5
10,12,0,5
11,1,2,5
11,2,4,5
11,3,75,5
11,4,146,5
11,5,192,5
11,6,0,5
11,7,128,5
11,8,12,5
11,9,18,5
11,10,24,5
11,11,0,5
11,12,0,5
12,1,103,5
12,2,421,5
12,3,699,5
12,4,1540,5
12,5,2938,5
12,6,462,5
12,7,543,5
12,8,1682,5
12,9,3753,5
12,10,6644,5
12,11,2825,5
12,12,0,5
13,1,0,5
13,2,0,5
13,3,0,5
13,4,0,5
13,5,0,5
13,6,0,5
13,7,0,5
13,8,0,5
13,9,0,5
13,10,0,5
13,11,0,5
13,12,0,5
14,1,21025,5
14,2,12395,5
14,3,5987,5
14,4,1801,5
14,5,172,5
14,6,1306,5
14,7,460,5
14,8,15485,5
14,9,7421,5
14,10,2229,5
14,11,2850,5
14,12,31839,5
15,1,987,5
15,2,1546,5
15,3,3183,5
15,4,3180,5
15,5,1577,5
15,6,460,5
15,7,306,5
15,8,3840,5
15,9,4071,5
15,10,3176,5
15,11,580,5
15,12,0,5
16,1,494,5
16,2,728,5
16,3,1110,5
16,4,960,5
16,5,323,5
16,6,405,5
16,7,238,5
16,8,3033,5
16,9,2856,5
16,10,1743,5
16,11,525,5
16,12,22,5
17,1,0,5
17,2,0,5
17,3,0,5
17,4,0,5
17,5,35,5
17,6,0,5
17,7,0,5
17,8,9,5
17,9,6,5
17,10,3,5
17,11,245,5
17,12,0,5
18,1,467,5
18,2,726,5
18,3,932,5
18,4,856,5
18,5,464,5
18,6,0,5
18,7,589,5
18,8,2604,5
18,9,2544,5
18,10,1576,5
18,11,310,5
18,12,0,5
19,1,6111,5
19,2,3646,5
19,3,1811,5
19,4,606,5
19,5,75,5
19,6,758,5
19,7,620,5
19,8,8765,5
19,9,4138,5
19,10,1221,5
19,11,690,5
19,12,9165,5
20,1,0,5
20,2,0,5
20,3,0,5
20,4,0,5
20,5,0,5
20,6,0,5
20,7,0,5
20,8,0,5
20,9,0,5
20,10,0,5
20,11,0,5
20,12,0,5
21,1,9,5
21,2,43,5
21,3,486,5
21,4,1383,5
21,5,2627,5
21,6,114,5
21,7,461,5
21,8,285,5
21,9,639,5
21,10,1134,5
21,11,900,5
21,12,0,5
22,1,39,5
22,2,176,5
22,3,393,5
22,4,1078,5
22,5,2088,5
22,6,1072,5
22,7,1143,5
22,8,506,5
22,9,1158,5
22,10,2076,5
22,11,3300,5
22,12,0,5
23,1,86,5
23,2,270,5
23,3,607,5
23,4,1412,5
23,5,2473,5
23,6,1090,5
23,7,1159,5
23,8,787,5
23,9,1572,5
23,10,2623,5
23,11,3725,5
23,12,0,5
24,1,118,5
24,2,451,5
24,3,736,5
24,4,1584,5
24,5,3037,5
24,6,458,5
24,7,610,5
24,8,1820,5
24,9,3960,5
24,10,6920,5
24,11,3250,5
24,12,0,5
25,1,1099,5
25,2,1608,5
25,3,2208,5
25,4,1624,5
25,5,114,5
25,6,372,5
25,7,237,5
25,8,6868,5
25,9,5953,5
25,10,2316,5
25,11,0,5
25,12,24,5
26,1,16952,5
26,2,9376,5
26,3,4022,5
26,4,890,5
26,5,146,5
26,6,886,5
26,7,316,5
26,8,12030,5
26,9,5128,5
26,10,1098,5
26,11,2800,5
26,12,26712,5
27,1,0,5
27,2,0,5
27,3,0,5
27,4,0,5
27,5,0,5
27,6,0,5
27,7,0,5
27,8,0,5
27,9,0,5
27,10,0,5
27,11,0,5
27,12,0,5
28,1,762,5
28,2,373,5
28,3,119,5
28,4,0,5
28,5,12,5
28,6,62,5
28,7,36,5
28,8,482,5
28,9,145,5
28,10,0,5
28,11,90,5
28,12,1282,5
29,1,0,5
29,2,16,5
29,3,16,5
29,4,61,5
29,5,145,5
29,6,24,5
29,7,24,5
29,8,45,5
29,9,135,5
29,10,270,5
29,11,200,5
29,12,0,5
30,1,0,5
30,2,0,5
30,3,130,5
30,4,260,5
30,5,276,5
30,6,0,5
30,7,68,5
30,8,0,5
30,9,0,5
30,10,0,5
30,11,0,5
30,12,0,5
31,1,5686,5
31,2,3778,5
31,3,2871,5
31,4,1562,5
31,5,124,5
31,6,2172,5
31,7,607,5
31,8,9823,5
31,9,5824,5
31,10,2503,5
31,11,370,5
31,12,7874,5
32,1,1105,5
32,2,1640,5
32,3,3618,5
32,4,2874,5
32,5,12,5
32,6,694,5
32,7,0,5
32,8,3306,5
32,9,3177,5
32,10,1864,5
32,11,0,5
32,12,0,5
33,1,16,5
33,2,57,5
33,3,600,5
33,4,1597,5
33,5,2500,5
33,6,146,5
33,7,328,5
33,8,279,5
33,9,630,5
33,10,1122,5
33,11,900,5
33,12,0,5
34,1,0,5
34,2,0,5
34,3,0,5
34,4,0,5
34,5,0,5
34,6,0,5
34,7,0,5
34,8,0,5
34,9,0,5
34,10,0,5
34,11,0,5
34,12,0,5
35,1,58,5
35,2,84,5
35,3,140,5
35,4,106,5
35,5,6,5
35,6,16,5
35,7,0,5
35,8,220,5
35,9,195,5
35,10,80,5
35,11,0,5
35,12,0,5
