motif,time,count,delta
0,1,97,3
0,2,98,3
0,3,70,3
0,4,70,3
0,5,70,3
0,6,64,3
0,7,63,3
0,8,69,3
0,9,69,3
0,10,75,3
0,11,90,3
0,12,83,3
1,1,196,3
1,2,216,3
1,3,177,3
1,4,163,3
1,5,156,3
1,6,156,3
1,7,156,3
1,8,156,3
1,9,156,3
1,10,156,3
1,11,186,3
1,12,186,3
2,1,818,3
2,2,804,3
2,3,738,3
2,4,733,3
2,5,730,3
2,6,729,3
2,7,729,3
2,8,729,3
2,9,747,3
2,10,783,3
2,11,918,3
2,12,856,3
3,1,78,3
3,2,77,3
3,3,64,3
3,4,64,3
3,5,64,3
3,6,70,3
3,7,71,3
3,8,65,3
3,9,65,3
3,10,59,3
3,11,85,3
3,12,92,3
4,1,144,3
4,2,128,3
4,3,124,3
4,4,124,3
4,5,124,3
4,6,124,3
4,7,124,3
4,8,144,3
4,9,162,3
4,10,178,3
4,11,182,3
4,12,162,3
5,1,131,3
5,2,115,3
5,3,111,3
5,4,111,3
5,5,111,3
5,6,111,3
5,7,111,3
5,8,123,3
5,9,137,3
5,10,153,3
5,11,157,3
5,12,145,3
6,1,11,3
6,2,10,3
6,3,17,3
6,4,18,3
6,5,17,3
6,6,17,3
6,7,8,3
6,8,10,3
6,9,9,3
6,10,10,3
6,11,9,3
6,12,9,3
7,1,201,3
7,2,207,3
7,3,189,3
7,4,183,3
7,5,180,3
7,6,180,3
7,7,162,3
7,8,162,3
7,9,168,3
7,10,180,3
7,11,216,3
7,12,204,3
8,1,125,3
8,2,123,3
8,3,165,3
8,4,165,3
8,5,165,3
8,6,165,3
8,7,123,3
8,8,123,3
8,9,129,3
8,10,141,3
8,11,147,3
8,12,133,3
9,1,7,3
9,2,8,3
9,3,17,3
9,4,16,3
9,5,17,3
9,6,17,3
9,7,10,3
9,8,8,3
9,9,9,3
9,10,8,3
9,11,9,3
9,12,9,3
10,1,0,3
10,2,0,3
10,3,0,3
10,4,0,3
10,5,0,3
10,6,0,3
10,7,0,3
10,8,0,3
10,9,0,3
10,10,0,3
10,11,0,3
10,12,0,3
11,1,0,3
11,2,0,3
11,3,0,3
11,4,0,3
11,5,0,3
11,6,0,3
11,7,0,3
11,8,0,3
11,9,0,3
11,10,0,3
11,11,0,3
11,12,0,3
12,1,77,3
12,2,69,3
12,3,66,3
12,4,66,3
12,5,66,3
12,6,66,3
12,7,66,3
12,8,68,3
12,9,73,3
12,10,81,3
12,11,84,3
12,12,82,3
13,1,208,3
13,2,192,3
13,3,228,3
13,4,207,3
13,5,193,3
13,6,186,3
13,7,186,3
13,8,190,3
13,9,200,3
13,10,216,3
13,11,222,3
13,12,218,3
14,1,1072,3
14,2,1005,3
14,3,984,3
14,4,978,3
14,5,974,3
14,6,972,3
14,7,972,3
14,8,979,3
14,9,1004,3
14,10,1047,3
14,11,1224,3
14,12,1145,3
15,1,77,3
15,2,69,3
15,3,66,3
15,4,66,3
15,5,66,3
15,6,66,3
15,7,66,3
15,8,68,3
15,9,73,3
15,10,81,3
15,11,84,3
15,12,82,3
16,1,136,3
16,2,135,3
16,3,120,3
16,4,120,3
16,5,120,3
16,6,120,3
16,7,120,3
16,8,131,3
16,9,137,3
16,10,138,3
16,11,153,3
16,12,142,3
17,1,161,3
17,2,147,3
17,3,118,3
17,4,118,3
17,5,118,3
17,6,118,3
17,7,118,3
17,8,122,3
17,9,131,3
17,10,145,3
17,11,174,3
17,12,170,3
18,1,15,3
18,2,18,3
18,3,18,3
18,4,17,3
18,5,15,3
18,6,12,3
18,7,12,3
18,8,12,3
18,9,12,3
18,10,12,3
18,11,12,3
18,12,13,3
19,1,249,3
19,2,234,3
19,3,252,3
19,4,240,3
19,5,228,3
19,6,216,3
19,7,216,3
19,8,222,3
19,9,234,3
19,10,252,3
19,11,288,3
19,12,267,3
20,1,213,3
20,2,228,3
20,3,228,3
20,4,221,3
20,5,207,3
20,6,186,3
20,7,186,3
20,8,186,3
20,9,186,3
20,10,186,3
20,11,222,3
20,12,211,3
21,1,15,3
21,2,18,3
21,3,18,3
21,4,17,3
21,5,15,3
21,6,12,3
21,7,12,3
21,8,12,3
21,9,12,3
21,10,12,3
21,11,12,3
21,12,13,3
22,1,167,3
22,2,166,3
22,3,139,3
22,4,139,3
22,5,139,3
22,6,139,3
22,7,139,3
22,8,146,3
22,9,150,3
22,10,151,3
22,11,178,3
22,12,171,3
23,1,222,3
23,2,214,3
23,3,165,3
23,4,165,3
23,5,165,3
23,6,165,3
23,7,165,3
23,8,167,3
23,9,172,3
23,10,180,3
23,11,229,3
23,12,227,3
24,1,76,3
24,2,91,3
24,3,90,3
24,4,75,3
24,5,66,3
24,6,75,3
24,7,90,3
24,8,58,3
24,9,83,3
24,10,87,3
24,11,112,3
24,12,56,3
25,1,125,3
25,2,123,3
25,3,165,3
25,4,158,3
25,5,144,3
25,6,123,3
25,7,123,3
25,8,137,3
25,9,145,3
25,10,147,3
25,11,147,3
25,12,133,3
26,1,786,3
26,2,729,3
26,3,738,3
26,4,733,3
26,5,730,3
26,6,729,3
26,7,729,3
26,8,776,3
26,9,805,3
26,10,816,3
26,11,918,3
26,12,849,3
27,1,71,3
27,2,51,3
27,3,51,3
27,4,66,3
27,5,75,3
27,6,66,3
27,7,51,3
27,8,100,3
27,9,86,3
27,10,87,3
27,11,63,3
27,12,102,3
28,1,78,3
28,2,78,3
28,3,84,3
28,4,80,3
28,5,78,3
28,6,78,3
28,7,78,3
28,8,78,3
28,9,78,3
28,10,78,3
28,11,87,3
28,12,81,3
29,1,9,3
29,2,6,3
29,3,6,3
29,4,9,3
29,5,9,3
29,6,9,3
29,7,6,3
29,8,12,3
29,9,9,3
29,10,9,3
29,11,6,3
29,12,12,3
30,1,19,3
30,2,26,3
30,3,26,3
30,4,17,3
30,5,17,3
30,6,16,3
30,7,20,3
30,8,12,3
30,9,16,3
30,10,16,3
30,11,20,3
30,12,14,3
31,1,189,3
31,2,171,3
31,3,189,3
31,4,180,3
31,5,171,3
31,6,162,3
31,7,162,3
31,8,174,3
31,9,180,3
31,10,180,3
31,11,216,3
31,12,204,3
32,1,199,3
32,2,177,3
32,3,177,3
32,4,163,3
32,5,156,3
32,6,156,3
32,7,156,3
32,8,156,3
32,9,156,3
32,10,156,3
32,11,186,3
32,12,202,3
33,1,21,3
33,2,15,3
33,3,15,3
33,4,19,3
33,5,16,3
33,6,16,3
33,7,12,3
33,8,20,3
33,9,16,3
33,10,16,3
33,11,12,3
33,12,23,3
34,1,14,3
34,2,10,3
34,3,9,3
34,4,13,3
34,5,12,3
34,6,12,3
34,7,8,3
34,8,16,3
34,9,12,3
34,10,13,3
34,11,9,3
34,12,15,3
35,1,11,3
35,2,10,3
35,3,9,3
35,4,10,3
35,5,9,3
35,6,9,3
35,7,8,3
35,8,10,3
35,9,9,3
35,10,10,3
35,11,9,3
35,12,9,3
