motif,time,count,delta
0,1,28,1
0,2,22,1
0,3,16,1
0,4,10,1
0,5,21,1
0,6,21,1
0,7,15,1
0,8,16,1
0,9,11,1
0,10,16,1
0,11,14,1
0,12,13,1
1,1,25,1
1,2,25,1
1,3,21,1
1,4,21,1
1,5,21,1
1,6,21,1
1,7,21,1
1,8,21,1
1,9,21,1
1,10,21,1
1,11,25,1
1,12,25,1
2,1,102,1
2,2,88,1
2,3,82,1
2,4,82,1
2,5,82,1
2,6,81,1
2,7,81,1
2,8,81,1
2,9,81,1
2,10,81,1
2,11,102,1
2,12,102,1
3,1,7,1
3,2,13,1
3,3,10,1
3,4,16,1
3,5,5,1
3,6,5,1
3,7,11,1
3,8,10,1
3,9,15,1
3,10,10,1
3,11,21,1
3,12,22,1
4,1,33,1
4,2,23,1
4,3,21,1
4,4,21,1
4,5,21,1
4,6,21,1
4,7,21,1
4,8,21,1
4,9,21,1
4,10,31,1
4,11,33,1
4,12,33,1
5,1,24,1
5,2,18,1
5,3,16,1
5,4,16,1
5,5,16,1
5,6,16,1
5,7,16,1
5,8,16,1
5,9,16,1
5,10,22,1
5,11,24,1
5,12,24,1
6,1,2,1
6,2,1,1
6,3,3,1
6,4,3,1
6,5,5,1
6,6,5,1
6,7,1,1
6,8,1,1
6,9,1,1
6,10,2,1
6,11,0,1
6,12,1,1
7,1,24,1
7,2,24,1
7,3,21,1
7,4,21,1
7,5,21,1
7,6,21,1
7,7,18,1
7,8,18,1
7,9,18,1
7,10,18,1
7,11,24,1
7,12,24,1
8,1,12,1
8,2,10,1
8,3,17,1
8,4,17,1
8,5,17,1
8,6,17,1
8,7,10,1
8,8,10,1
8,9,10,1
8,10,10,1
8,11,12,1
8,12,12,1
9,1,0,1
9,2,1,1
9,3,3,1
9,4,3,1
9,5,1,1
9,6,1,1
9,7,1,1
9,8,1,1
9,9,1,1
9,10,0,1
9,11,2,1
9,12,1,1
10,1,0,1
10,2,0,1
10,3,0,1
10,4,0,1
10,5,0,1
10,6,0,1
10,7,0,1
10,8,0,1
10,9,0,1
10,10,0,1
10,11,0,1
10,12,0,1
11,1,0,1
11,2,0,1
11,3,0,1
11,4,0,1
11,5,0,1
11,6,0,1
11,7,0,1
11,8,0,1
11,9,0,1
11,10,0,1
11,11,0,1
11,12,0,1
12,1,14,1
12,2,12,1
12,3,11,1
12,4,11,1
12,5,11,1
12,6,11,1
12,7,11,1
12,8,11,1
12,9,11,1
12,10,13,1
12,11,14,1
12,12,14,1
13,1,37,1
13,2,33,1
13,3,38,1
13,4,38,1
13,5,38,1
13,6,31,1
13,7,31,1
13,8,31,1
13,9,31,1
13,10,35,1
13,11,37,1
13,12,37,1
14,1,204,1
14,2,173,1
14,3,164,1
14,4,164,1
14,5,164,1
14,6,162,1
14,7,162,1
14,8,162,1
14,9,162,1
14,10,169,1
14,11,204,1
14,12,204,1
15,1,14,1
15,2,12,1
15,3,11,1
15,4,11,1
15,5,11,1
15,6,11,1
15,7,11,1
15,8,11,1
15,9,11,1
15,10,13,1
15,11,14,1
15,12,14,1
16,1,22,1
16,2,21,1
16,3,19,1
16,4,19,1
16,5,19,1
16,6,19,1
16,7,19,1
16,8,19,1
16,9,19,1
16,10,20,1
16,11,22,1
16,12,22,1
17,1,33,1
17,2,29,1
17,3,21,1
17,4,21,1
17,5,21,1
17,6,21,1
17,7,21,1
17,8,21,1
17,9,21,1
17,10,25,1
17,11,33,1
17,12,33,1
18,1,2,1
18,2,3,1
18,3,3,1
18,4,3,1
18,5,3,1
18,6,2,1
18,7,2,1
18,8,2,1
18,9,2,1
18,10,2,1
18,11,2,1
18,12,2,1
19,1,48,1
19,2,39,1
19,3,42,1
19,4,42,1
19,5,42,1
19,6,36,1
19,7,36,1
19,8,36,1
19,9,36,1
19,10,42,1
19,11,48,1
19,12,48,1
20,1,37,1
20,2,38,1
20,3,38,1
20,4,38,1
20,5,38,1
20,6,31,1
20,7,31,1
20,8,31,1
20,9,31,1
20,10,31,1
20,11,37,1
20,12,37,1
21,1,2,1
21,2,3,1
21,3,3,1
21,4,3,1
21,5,3,1
21,6,2,1
21,7,2,1
21,8,2,1
21,9,2,1
21,10,2,1
21,11,2,1
21,12,2,1
22,1,35,1
22,2,34,1
22,3,30,1
22,4,30,1
22,5,30,1
22,6,30,1
22,7,30,1
22,8,30,1
22,9,30,1
22,10,31,1
22,11,35,1
22,12,35,1
23,1,56,1
23,2,54,1
23,3,40,1
23,4,40,1
23,5,40,1
23,6,40,1
23,7,40,1
23,8,40,1
23,9,40,1
23,10,42,1
23,11,56,1
23,12,56,1
24,1,28,1
24,2,24,1
24,3,11,1
24,4,18,1
24,5,11,1
24,6,23,1
24,7,23,1
24,8,11,1
24,9,18,1
24,10,19,1
24,11,28,1
24,12,7,1
25,1,12,1
25,2,10,1
25,3,17,1
25,4,17,1
25,5,17,1
25,6,10,1
25,7,10,1
25,8,10,1
25,9,10,1
25,10,12,1
25,11,12,1
25,12,12,1
26,1,102,1
26,2,81,1
26,3,82,1
26,4,82,1
26,5,82,1
26,6,81,1
26,7,81,1
26,8,81,1
26,9,81,1
26,10,92,1
26,11,102,1
26,12,102,1
27,1,7,1
27,2,6,1
27,3,18,1
27,4,11,1
27,5,18,1
27,6,6,1
27,7,6,1
27,8,18,1
27,9,11,1
27,10,15,1
27,11,7,1
27,12,28,1
28,1,0,1
28,2,0,1
28,3,0,1
28,4,0,1
28,5,0,1
28,6,0,1
28,7,0,1
28,8,0,1
28,9,0,1
28,10,0,1
28,11,0,1
28,12,0,1
29,1,0,1
29,2,0,1
29,3,1,1
29,4,1,1
29,5,1,1
29,6,0,1
29,7,0,1
29,8,1,1
29,9,1,1
29,10,1,1
29,11,0,1
29,12,2,1
30,1,6,1
30,2,7,1
30,3,5,1
30,4,4,1
30,5,5,1
30,6,6,1
30,7,6,1
30,8,4,1
30,9,4,1
30,10,4,1
30,11,6,1
30,12,2,1
31,1,24,1
31,2,18,1
31,3,21,1
31,4,21,1
31,5,21,1
31,6,18,1
31,7,18,1
31,8,18,1
31,9,18,1
31,10,18,1
31,11,24,1
31,12,24,1
32,1,25,1
32,2,21,1
32,3,21,1
32,4,21,1
32,5,21,1
32,6,21,1
32,7,21,1
32,8,21,1
32,9,21,1
32,10,21,1
32,11,25,1
32,12,25,1
33,1,2,1
33,2,2,1
33,3,4,1
33,4,5,1
33,5,4,1
33,6,2,1
33,7,2,1
33,8,4,1
33,9,4,1
33,10,4,1
33,11,2,1
33,12,6,1
34,1,2,1
34,2,1,1
34,3,2,1
34,4,2,1
34,5,3,1
34,6,2,1
34,7,1,1
34,8,2,1
34,9,2,1
34,10,3,1
34,11,0,1
34,12,3,1
35,1,2,1
35,2,1,1
35,3,1,1
35,4,1,1
35,5,2,1
35,6,2,1
35,7,1,1
35,8,1,1
35,9,1,1
35,10,2,1
35,11,0,1
35,12,1,1
