motif,time,count,delta
0,1,300,6
0,2,302,6
0,3,233,6
0,4,233,6
0,5,228,6
0,6,222,6
0,7,233,6
0,8,239,6
0,9,245,6
0,10,244,6
0,11,316,6
0,12,321,6
1,1,765,6
1,2,765,6
1,3,612,6
1,4,598,6
1,5,591,6
1,6,591,6
1,7,591,6
1,8,591,6
1,9,591,6
1,10,598,6
1,11,735,6
1,12,765,6
2,1,3242,6
2,2,3228,6
2,3,2925,6
2,4,2920,6
2,5,2917,6
2,6,2934,6
2,7,2970,6
2,8,3024,6
2,9,3024,6
2,10,3024,6
2,11,3342,6
2,12,3280,6
3,1,295,6
3,2,293,6
3,3,228,6
3,4,228,6
3,5,233,6
3,6,239,6
3,7,228,6
3,8,222,6
3,9,216,6
3,10,217,6
3,11,279,6
3,12,274,6
4,1,468,6
4,2,443,6
4,3,436,6
4,4,436,6
4,5,471,6
4,6,504,6
4,7,535,6
4,8,564,6
4,9,556,6
4,10,548,6
4,11,524,6
4,12,495,6
5,1,449,6
5,2,418,6
5,3,411,6
5,4,411,6
5,5,432,6
5,6,455,6
5,7,480,6
5,8,507,6
5,9,515,6
5,10,523,6
5,11,505,6
5,12,478,6
6,1,37,6
6,2,37,6
6,3,62,6
6,4,61,6
6,5,59,6
6,6,59,6
6,7,36,6
6,8,37,6
6,9,39,6
6,10,39,6
6,11,39,6
6,12,39,6
7,1,792,6
7,2,792,6
7,3,720,6
7,4,714,6
7,5,711,6
7,6,717,6
7,7,666,6
7,8,684,6
7,9,684,6
7,10,687,6
7,11,801,6
7,12,798,6
8,1,527,6
8,2,525,6
8,3,672,6
8,4,672,6
8,5,672,6
8,6,681,6
8,7,543,6
8,8,561,6
8,9,561,6
8,10,561,6
8,11,549,6
8,12,535,6
9,1,35,6
9,2,35,6
9,3,59,6
9,4,60,6
9,5,62,6
9,6,62,6
9,7,36,6
9,8,35,6
9,9,33,6
9,10,33,6
9,11,33,6
9,12,33,6
10,1,0,6
10,2,0,6
10,3,0,6
10,4,0,6
10,5,0,6
10,6,0,6
10,7,0,6
10,8,0,6
10,9,0,6
10,10,0,6
10,11,0,6
10,12,0,6
11,1,0,6
11,2,0,6
11,3,0,6
11,4,0,6
11,5,0,6
11,6,0,6
11,7,0,6
11,8,0,6
11,9,0,6
11,10,0,6
11,11,0,6
11,12,0,6
12,1,254,6
12,2,237,6
12,3,231,6
12,4,231,6
12,5,233,6
12,6,238,6
12,7,246,6
12,8,257,6
12,9,269,6
12,10,281,6
12,11,279,6
12,12,268,6
13,1,697,6
13,2,663,6
13,3,693,6
13,4,672,6
13,5,662,6
13,6,665,6
13,7,681,6
13,8,703,6
13,9,727,6
13,10,751,6
13,11,747,6
13,12,725,6
14,1,3589,6
14,2,3468,6
14,3,3414,6
14,4,3408,6
14,5,3411,6
14,6,3434,6
14,7,3477,6
14,8,3538,6
14,9,3610,6
14,10,3682,6
14,11,3849,6
14,12,3716,6
15,1,254,6
15,2,237,6
15,3,231,6
15,4,231,6
15,5,233,6
15,6,238,6
15,7,246,6
15,8,257,6
15,9,269,6
15,10,281,6
15,11,279,6
15,12,268,6
16,1,487,6
16,2,486,6
16,3,429,6
16,4,429,6
16,5,455,6
16,6,476,6
16,7,492,6
16,8,503,6
16,9,483,6
16,10,463,6
16,11,504,6
16,12,493,6
17,1,533,6
17,2,504,6
17,3,421,6
17,4,421,6
17,5,425,6
17,6,434,6
17,7,448,6
17,8,467,6
17,9,487,6
17,10,507,6
17,11,576,6
17,12,557,6
18,1,56,6
18,2,60,6
18,3,57,6
18,4,53,6
18,5,48,6
18,6,42,6
18,7,42,6
18,8,42,6
18,9,43,6
18,10,45,6
18,11,48,6
18,12,52,6
19,1,840,6
19,2,810,6
19,3,819,6
19,4,798,6
19,5,783,6
19,6,774,6
19,7,792,6
19,8,816,6
19,9,843,6
19,10,873,6
19,11,900,6
19,12,870,6
20,1,755,6
20,2,777,6
20,3,756,6
20,4,728,6
20,5,693,6
20,6,651,6
20,7,651,6
20,8,651,6
20,9,658,6
20,10,672,6
20,11,729,6
20,12,739,6
21,1,56,6
21,2,60,6
21,3,57,6
21,4,53,6
21,5,48,6
21,6,42,6
21,7,42,6
21,8,42,6
21,9,43,6
21,10,45,6
21,11,48,6
21,12,52,6
22,1,560,6
22,2,559,6
22,3,460,6
22,4,460,6
22,5,476,6
22,6,489,6
22,7,499,6
22,8,506,6
22,9,494,6
22,10,482,6
22,11,571,6
22,12,564,6
23,1,666,6
23,2,649,6
23,3,510,6
23,4,510,6
23,5,512,6
23,6,517,6
23,7,525,6
23,8,536,6
23,9,548,6
23,10,560,6
23,11,691,6
23,12,680,6
24,1,244,6
24,2,243,6
24,3,201,6
24,4,273,6
24,5,292,6
24,6,272,6
24,7,279,6
24,8,289,6
24,9,235,6
24,10,265,6
24,11,255,6
24,12,243,6
25,1,527,6
25,2,525,6
25,3,630,6
25,4,602,6
25,5,602,6
25,6,583,6
25,7,603,6
25,8,617,6
25,9,593,6
25,10,569,6
25,11,549,6
25,12,535,6
26,1,3027,6
26,2,2916,6
26,3,2925,6
26,4,2920,6
26,5,3018,6
26,6,3100,6
26,7,3165,6
26,8,3212,6
26,9,3140,6
26,10,3068,6
26,11,3267,6
26,12,3144,6
27,1,236,6
27,2,232,6
27,3,273,6
27,4,201,6
27,5,217,6
27,6,266,6
27,7,282,6
27,8,289,6
27,9,319,6
27,10,265,6
27,11,253,6
27,12,248,6
28,1,390,6
28,2,390,6
28,3,396,6
28,4,392,6
28,5,390,6
28,6,390,6
28,7,390,6
28,8,390,6
28,9,390,6
28,10,390,6
28,11,399,6
28,12,393,6
29,1,36,6
29,2,36,6
29,3,42,6
29,4,30,6
29,5,30,6
29,6,36,6
29,7,36,6
29,8,36,6
29,9,42,6
29,10,36,6
29,11,36,6
29,12,36,6
30,1,59,6
30,2,55,6
30,3,45,6
30,4,59,6
30,5,57,6
30,6,49,6
30,7,49,6
30,8,49,6
30,9,47,6
30,10,58,6
30,11,61,6
30,12,67,6
31,1,714,6
31,2,666,6
31,3,702,6
31,4,684,6
31,5,696,6
31,6,702,6
31,7,720,6
31,8,732,6
31,9,723,6
31,10,711,6
31,11,792,6
31,12,762,6
32,1,707,6
32,2,633,6
32,3,612,6
32,4,598,6
32,5,591,6
32,6,591,6
32,7,591,6
32,8,591,6
32,9,626,6
32,10,654,6
32,11,786,6
32,12,775,6
33,1,63,6
33,2,59,6
33,3,62,6
33,4,43,6
33,5,42,6
33,6,49,6
33,7,49,6
33,8,49,6
33,9,62,6
33,10,60,6
33,11,64,6
33,12,63,6
34,1,43,6
34,2,43,6
34,3,49,6
34,4,36,6
34,5,35,6
34,6,41,6
34,7,42,6
34,8,43,6
34,9,51,6
34,10,45,6
34,11,45,6
34,12,45,6
35,1,37,6
35,2,37,6
35,3,37,6
35,4,36,6
35,5,35,6
35,6,35,6
35,7,36,6
35,8,37,6
35,9,39,6
35,10,39,6
35,11,39,6
35,12,39,6
